TAMANHO 10:
1100001110 
0100010001 
1000011000
0001101101 
1100001011 
1110111100 
0000010111
1010111110 
0011101010
0111001100
0101001000 
1101000001 
0111110110 
0010001110 
1100011101
0000101100
0011011100 
0010100001 
1111101100 
0001111011

TAMANHO 11:
00011101110 
01101001110 
00100101011 
10100111011 
11000011101 
00010101100 
01110011110
10001111000
10111010011 
11101010000 
00100111010 
01000000111 
11010000001 
10010001001 
01111000110 
01111111111 
10001001010 
01101110000 
10000101011 
01001100010

TAMANHO 12:
101110010011
000101111100 
111100011111 
110000100100 
001100101100 
000100010100 
000101101011 
011010000000 
010001110100 
111000110110
111101101101 
110101100011 
111111011001
110000110010
100011101101 
001111000111 
001110010101
110101011101
100010111010 
010111110111

TAMANHO 13:
1101000011100
1100101010111 
1111101100111 
0000110011011 
0011010100010 
1011000110001 
1001101111011 
1111100001010 
1001101011111 
0001100011101 
1010010110100
0001000010110 
1000111110110 
1100100000111 
1110111010000 
0000010101111 
1001011111111 
1110010011010 
1111111110111 
0111000110100

TAMANHO 14:
10100111101010 
00010001011100 
11011011110111 
00010100101101 
00011011101011
10110101001000 
11111110011111 
01000010111001 
11110100000000 
01011111011111 
11101111111011 
00111010110110
01001010101110 
10110010111111 
00010000111110 
11011101111101 
00001111110010 
11111100100000 
00100101001101
01001101111010 

TAMANHO 15:
000111101100111
111101100011010 
010101001010110 
111010110100011 
001001001111011 
000111110001100 
010010011110111 
011010111111011 
001010001100111
001100111100111 
111001101001000 
100001010001011 
101100011001000 
111011001011110 
010110000011010 
000100011100101 
111011100101101 
000111100001000 
100000011001101 
011110100111100 

TAMANHO 16:
0101000110101110 
0000100110000101 
0100110001111011 
0011001001001010 
0100001001010110 
0100110001100101 
1111001001100011 
1011110111001101 
1111010110110101 
0111001111110111 
0011101000001011 
1100110100010110 
1111100101110010 
0110010010101111 
0110111010100010 
1100010101101110 
0000011001000110 
1011000111011011 
0101111011010010 
1111010011000010

TAMANHO 17:
00100010100011110
10100100101110110 
11101101100011101 
11110001111011011 
10101001110001001 
00010010111001110 
11101010001100010 
00010100001000100 
00010101001001111 
01001111000111001 
00111100100110000 
01001001001111001 
00011010001000011 
01101001001001101 
11110101010100011 
01001011000011100
10011111111101111 
00000011110101000 
00111100100011101 
01100000010110111 

TAMANHO 18:
000001111110110111  
001110001011111011 
010001001101011010 
001000101100011110 
111101110001111000    
000000111100101010   
100001010101001101     
001011001000110011  
101011001101101011  
100001101010011001 
101011110010010010
100100010110001001 
000101001111000111  
011101010011010111 
110011110101101111 
011110001111000101 
000100001110011010 
001010100001101111 
111100011110100101
111000011001001000

TAMANHO 19:
1000010010100101001 
1111001101101011110 
1000110111010000010 
1000100011111000000 
0110011011001010010 
0111001100110110011 
1010010111101010000 
1010001001101100001 
1100010001110010110  
1111110101110100101 
0011011010000110011 
1100111111010101111
0111001000010010010 
1001110011011000011 
0100110001100001101 
1001000101111011111 
1001100100010010110     
1000001111011011111 
0001001010011111110 
1001110011111100001

TAMANHO 20:
10110000001110100011 
11001111001111100110 
10110101000010101011 
01100100101000010000 
00001101001101111010 
00110010111010110111    
11101111111010011101 
01011111101110110001 
11010000010000010011 
01111011100010010011 
00101011101101100111 
00010011011101011101 
10101111111011101110 
01111110100010110101 
10100000111010011000 
01111101010001001101 
00101000101011010100 
01010100101101000000 
10100101110111100101 
10111101010100100010

TAMANHO 21:
101000011101010111111    
001001110100111110010 
111000111110010010000 
101011100001011110011 
101000101110111100111 
010100100110011110110 
101110111111101100000 
000010001100001110010 
110010001100011010001 
010100010000001000101 
100101011100110101110 
010101000110010111110 
110010011001001101001
100111100001001011011 
100010110101100110111 
101000110110001011000 
111100110010000101001 
111001000101000001001 
110011001001101111100 
000001001110001101011

TAMANHO 22:
0110110111001110101111 
1000011000101100001011 
0110100101000001101101 
0110011000011001111011  
1101011111100101000010 
1001011111101101110011 
1110110011011010110100 
1011010010011101111110 
1010011001011111001111 
1111100011011110001101 
0100010011101101011101
0001010001110000101000 
0011110001011010100111 
1100010000101001100011 
1111101001011101100101 
1110001110111101110000 
0100010100110110111000 
0101010001111101011101 
0100001100011111110011 
1011101111000111011001

TAMANHO 23:
11110010111101100000011 
11010101011101011100110 
10011110000011111111101 
01010001010011101011010 
00000010011000010111110 
01100101111101101011110 
01000001010111000000100 
10001111011101000101100
11100101001010110101110 
00110000010010111001010 
10001001111110100010101 
01010110010101011000110 
11110110100110001010110 
11011011101111010100001 
00100110110011001101111 
01000110010011111100001 
11010110111011100100101 
11101110100111001101001 
11111111100000001100100 
00000001011011011100010

TAMANHO 24:
110010010000011101001111 
101100011000100000111110 
110111100000010001110110 
011010100011100011110000 
000010001110111110111010 
000110101010111001001000 
010011100111101100100101 
000101011111100000110111 
010110011001011110010100 
111111110111011000110010 
011110000111011111000100 
111001000101101111100110 
101100001010000101100101 
011010110101111010100100 
010000000111001110011101 
101011101010100110010011 
101001000101110101011000 
100010101101110100010001 
000110100001010101110101 
111011111101010110011001

TAMANHO 25:
1000010000101111110111011     
0001000111100001101001100 
0111100110111100000010001 
1001000011101100010010001 
0011110001000010000110100 
0001100000101110011001110 
0010010011100000100001101 
1000000011111011111011111 
1001001000011011100101010 
1110100100010110111100011 
1100011000110010000000001 
0101000101000110100101101 
0110000110011000010110101 
1100101101101000011111111 
0001011110110011101010101 
1101000101000010100011101 
1111100111110001110100100 
0010010110010101010010010 
1011100001010000011000100 
0010111110011010111110010

TAMANHO 26:
11010011110010010110000010 
11101110110111111000011011 
00101110101111001110001000 
11100100111000000000011110 
01010000101011111111000011 
00100110100110011001000100 
00010111111011010111100001 
00100110110100000110011111 
11111111001000000001000110 
11100011100110011011100011 
00000111100110010101100001 
11011010110110000000001110 
11011001000000111000100110 
11010011010000100100110000 
01100001101001101101111100 
01110011100000101011100110 
00101011101010101001011001 
10110001010101111101001010 
00111111111110010101100011 
10010001101100111010110101

TAMANHO 27:
101010100011010100100000100 
000000101001010011001001011 
100111111110101110100010000 
101110111111110011000001011 
100101110111010110011000011 
101100010011101101111111100 
101111010001001010101011001 
001001011000010001001101100 
000011010011011100100010100 
100110111010011100101101100 
010111110010000100100111010 
110011101001100000000011010 
101001100010100010001010110 
100010001100110010001000011 
001100010111010000011101010 
010000011101011001001001011 
001011000000110011101111110 
001011011110000101110010011 
001111000100100111001110111 
011101010010011001000101001

TAMANHO 28:
0100101010011001010101100101 
0011011111111101010010111100 
0100100011000111011010100000 
0001101011110100100101101000 
1100010100110101010111111101 
1110111110010110110110111110 
0110011101110111100011110111 
1101001101010010111100110111 
1111111111011101111111001001 
0100100110001011010100100000 
1011100100111110001100100110 
0101001101000111000101000011 
1001101011001011011101110110 
1101101001110010000010001001 
0001110100000011000010110110 
0001100101001100100101110011 
1000010111010111001010000101 
0011110010000101110110110011 
0000001000011101100101000011 
1110011100101000101111110110

TAMANHO 29:
00011010101111000010010011111 
11110101110010111011000100011 
01100000011001101111101001001 
00011110000000000110000101110 
11011111000001111001011011100 
10110001101011100011101100101 
11111101100000011000011001100 
11010111101010001001111011000
01001110011010010110101100101 
10100110110001010000010000101 
10010001100001100111110111111 
01111110111001111100110100100 
11011000011101010110000011000 
10010111101100000110101110101 
00110111110011011000111001001 
10011000100110110100010101110 
01111001100011010011100111001 
11000001110001111011110010110 
00001001100001100011011000111 
11011010100101011100011011101 


TAMANHO 30:
011001100010111110001010011101 
110010111010010101100001010000 
011101001011111001001001111101 
011111111010100110101101101100 
011011001011110011100001000100 
010010000110111110011101011111 
101101000111010111000100011010 
000000001110111010001010111100 
111000101000011011001010011100 
110101111101111001111001001100 
100010011000101101110010001101 
111001111000000100011010110110 
100111000010111101101011000000 
001100010100001100100000111101 
010100000110010010010110000100 
011010011011110110110011111010 
011100011010101100000111011101 
000110110101011010110110110010 
101111111000000111010110001111 
110110101111100101000011110101 

TAMANHO 31:
1110001000100000100000111110110 
0001011110100000011110110111101
1110100110111011000100101111100 
0000111000110110101110001101001 
1101000110000011001011010101000 
0110101000111000011101010011010 
0100101001000011100010001101110 
1101110111001101100011101011010 
1101001010000110001110011001110 
0000111100111010010111101011010 
1010101110010100110010100101001 
1011100101110101100001100000111 
1100001010100001111001011011100 
1111100101111100101000100110101 
0101100110001101001110000001110 
0111111110010111100111010011010 
0100101110100000001111011100010 
1000000001110101101011111011100 
0011111110001110001100010001000 
0011100100100001101001100110111

TAMANHO 32:
00000000010101111010011110101110 
10100001011101100010101010011111 
00001011111111011001000101101100 
01001100111100111001110100100000 
01100011111000110001100101101100 
10010010100101110011111111111010 
01111110110100010000011001100000 
00100101001000111101111100000110 
00011101000000000000110111100110 
01110101000001000100011101001001 
10011110100110000001010100111110 
00100001101010010111010111101010 
10000010011011100110000010100101 
11011001001101101111011000101101 
10101001111010010101010010111010 
01001000010111100011000111111000 
10001101010111010110111111000000 
11100100000100000001010100000000 
00101011111101010001101011001110 
10110001110101000000011100111011

TAMANHO 33:
111001001011111110000011100100110 
101110110001111011111000001011001 
011001011101000100011101100011000 
011110100011001100110110110111011 
100101101101101010011010000110010 
011100010010010100110110000001101 
111101110010100101101110100010111 
110011101111101111010010000000101
010000001110101111100110110110010 
011100011000110101110010011111111 
101000100001010100010001100110000 
101011001010010111000100011010100 
100100101111010101001010010110001 
111110110001001110100000011011010 
001100100101100101111100000100110 
100010101111111011001000111101111 
010010101100101000001110100000000 
001111011100100101001110111001100 
111100010011000011011111110100100 
110011001101000110100011100010001

TAMANHO 34 :
1001001110011011011000001100101000 
0100100110011101100100101011101001 
0010100110000101001001100001011101 
0010010011001001100000100111101011 
0010011011110110100111001100010010 
0000101011001101001010000001101100
0111010101111111111100111011000100 
1111101011100111101100011111101101 
0011110000011011111001111001100110 
0110100111101001011101110000100000 
1000111100001110001010101111111011 
1110001010111010111001110011111111 
0101100000111010111101110110000111 
1001000111111100000101011111010111 
1000011011111001000101110000001100 
0000111001110110001111011100101000 
0100111110000011111001111010011111 
0010101001010001110111110001000101 
0011011001000111110011011001011000 
1001011010010001001001101110000010

TAMANHO 35:
10011000011000100100000101011001011 
00110011000101001010110100010000100 
00011101010000100100111111111110001 
00011001011111101001010000100111011 
00001000101101110001100101001001110 
00100101011110110001111010001100010 
11011001110101100010001101001000100 
10101000010000000010100111000101010 
01001000110000000010110101110110001 
11011011001111001101001010001011011 
01110001100001011000001111101010100 
10110011000111000110111110011010010 
00110001011001001010101101100100110 
10110001101101111000111010111000101 
11100001011010110000000111000100001 
11011011001111101110110011101100010 
01011010001101000101010110111101111 
00100001111100010011001101101101001 
00000110110011100001100011000000100 
00101000110001111001100110110110111 

TAMANHO 36:
100111000010111011110011110111001111 
111010111011110110000000010111001010 
110001101000110100010000010101001110 
011110001101010111110111110001001010 
110001100000011100000101111101001010 
011001100001010000100110111110111010 
000110000010101110000001001001100000 
110110100010001101010101011001011100 
111100101011001010100111111000110000 
000111100101100110101101000000101011 
011011111011000101100110000111010010 
101010101000001101101111010111010011 
101100110001111110101000000101010001 
010010101100000011010011100110110001 
110101000011110010000101001100111001 
111110000010101000110010001000001100 
010011111001001001011100001001001000 
010001100100000011100000110101011000 
101000110001000001010011100010100110 
000001000000100001111010011001001011

TAMANHO 37:
1110000110000000010001000101101100110 
1100101010010101001011010000011110111 
0100000011101011011100111001101000111 
1010111000010001110101001110000110110 
1111110100100101011110110000111111010 
1010000100101110011110000000000011010 
1000010110011100111101000100000101111 
1111000110001101111101011100101010100 
0100100110011110001010110010111011000 
0111001000111000001000110001000111000 
0101111010110110100101000110010000111 
0000100001101011101000111101000000100 
0110010000101001100000100110001110101 
0010010110011101010100100011010101000 
0100011010110010101110000100101001100 
1111000000101011010000011101110010111 
1000111001110010101100111011101110010 
1001001000001000001111010001001101010 
0011110100100111011110011100010111101 
0111111101010110100111100011001101000

TAMANHO 38:
01000110001110011101100101100101011100 
01010010010111010001110100000001110001 
00011010100010010010011101110111101110 
10010100000001000001110010111111101110 
11001000100101000101111100011101011110 
11101010111111101110011011000000101111 
10010110101110000011101011000100011111 
10100100011011111110010001010100001110 
01010000100011010100010010000100001010 
10110000101011000010010001000110100010 
11000110100010010000010010101110111100
11011100011010100101010001111011010100 
10011001101011011011000111110111010011 
10001001110111000010101111100101101001 
11100100010001010011001100011100111001 
11011100110100110101001011001001101101 
11000011011111001110111000111111111110 
11011111100000010010001000000001001011 
11100011111011101100011110111100001101 
10010101111011001100000111100000001101

TAMANHO 39:
111001011110111100111100100100000101001 
110011101011111101001011110010100110100 
011000100001001110010111011111000011000 
000010001111010101100101111011001100001 
100011101100010010101010001110011110011 
010010000110100100101001101110001000101 
110101011000101111111111010100111010110 
100001100101111011111010111110100111100 
111010101010011111001010011010001010110 
011110010100010011110011100010000000110 
010000111010111000100010011010110101110 
111101111111101010100001101011010110001 
001111101111011111111010110001111111100 
100000111011011010000011000001000100000 
110011000000000001101010001110001010101 
110111111011110001100111111000101000110 
101001101110111001100000110101001011000 
101100000000000100110100010010010011000 
100111111110011010111010101000110101111 
101000011001111110100110011111001010111

TAMANHO 40:
0011101001100100000101101110111010101101 
1010100101101001000000110101101110011001 
1001001111111101101010000010111100110010 
1010111000111101110110100110110011110111 
0001010110010000001110111000000110011011 
0111101100001011001100000101111001010111 
1101000111111110010111100001010110110111 
0001011110001101101100010101101001100000 
0100101100000101001011110011100000001010 
0011111000001001111111010000000011011101 
0001010111011011011001111011010100110011 
1000000111101100011001011111010110010110 
1110110010001010100101001000011100000110 
1010000010110101000110011000000110001100 
0100111101101100000010101100001011111110 
0000001110111010011110011110001001000011 
1101000100110110011000011111111001010110 
0111101010001100010111010111010111010111 
1001011010000011101010100011000001111010 
1000111010010001100111010101011011101011

TAMANHO 41:
01101101101010000111101000011111010101101 
10011110011000111011001001001001011001000 
10110101000101111101111110111110110101011 
01100110100101101100100100011000000000001 
00110100100101111011000001101000000101000 
01011111001101110110001111001000000100110 
10101101101000111000000101010100100111010 
01001110111101010001101001010111011001100 
11101101101001111111110010110111010111001
10110111111111100011000110010000110101001 
00110010010110110100111011010101010101111 
11011110100111101100000100000100101010000 
00011101000011000011011101110010001000111
01001011101110101110101011100111110111011 
11011010101110100111010011010100000010111 
00011111111101011111111001000010011010110 
01011011100111111000111111110101011110100 
10000110010000111110101111001111000110010 
01101001010001110111011111111100011000011 
00001001101101110111011101000010110101100

TAMANHO 42:
100101000000110110111111100011111001101000
101001101101001111111100111111011010110010 
000111101111011001111111010011111111001100 
100000001001001010001010000101111000110100 
000011100010101000001100000100000111100101 
100111111100100100100111011110100111110001 
000001110001111101010100001101001110010101 
100110000110001111010101101001010011001001 
011010100011010011111010101010101010010111 
000100111010011111000110110100010111011111 
000000100110000011100100010000101001110000 
110100000110110000011111011111000111001000 
010101100101010101101110100011100010001110 
001111000010111100000001000011001111101110 
011010010100100000101010100010000010000001 
111100100110011011001000101011111110000100 
110000100110111011001011011100110001000010 
011100101001001001100010001111110111010101 
101010000011100001111001001001001000110001 
001011110101111101111110001010010111101110 

TAMANHO 43:
1101010100110011111001010110000100100001010 
0110111101101010010010110100101101101000000 
0010100111011010000110111100110001001000011 
0001101010001000000011011010100111010110101 
0010011001110001000001110111100011101011011 
0110110001000100011101101001000011111011000 
0001110101010000000100010001110100101001010 
0100100010100001000111000000100001111110000 
0100000111000000001011100110100101000001011 
1110011000101000000100000001010101001000001 
0101011000111001010011011110100101001001111 
0100000001010111001100000110000101010111011 
0101101000000011010010011111011011110110100 
1001100111111011011100010110001111000111011 
1001110110011100011011100111011011000101100 
0010110100101000101111001100101111111000011 
0001111101101010011000001000110100110110010 
1010010000100011000110101110110010100100010 
0101111001111010110010011110011011110001010 
1001011010000111111000000100100111100110111 

TAMANHO 44:
01101011001011010111100110010010111111101010 
10000010010101110001011101101001011011001001 
00100101111001001000110110000010011101101110 
00110001010110101011010011101100001100010001 
10011110011010101111011101100110111110010011 
11110010111011011001011011110101011101101101 
11110011100010110010110001011000110010010001 
10110110100000100001101010010010101100110110 
00110111000010011100000110011001001011100010 
11111010110111010101111010010010010011000011 
01110100100010101000101001011001010110011111 
01011101001000011111011011101010011001100000 
00011101111110000110011001001000110011000111 
11100000111100010011011001101010110111011111 
00011101010110001000101110110111100000000100 
10001010100110111110010110010001110110111000 
00010111000100000110010010111001101011100100 
10110011100010010101000010100100001111111001 
10010001110000001010110011101000001011000110 
00010011101101011001100010011111000000100110 

TAMANHO 45 :
101100101101001111000111110110001110000011000 
101110100110011111100110011111101100101011100 
001011001011001001001111000111111000011000101 
011110011101100110001010001010011010101101110 
100001000010000010000111110100000001010001111 
111000001100100000110000100101010111010010100 
110100011000001000101000000001001011010100100 
001110101101001010010001000100110000001001101 
010001110000011111100011111101010011110001000 
010000101000000011000111100011010111001011110 
011100100110001111100100100111110010011100001 
011100011001000110100011011001110000011010101 
001010011000101101001111000000010000010110001 
111101001000000011011000100101000101110100100 
010100010111101001000111000011000011100011101 
111110100011110111110110111000110110100111111 
101101110110011000001001010100010110111110001 
000110000110110110110100100000000001100111010 
000111001011101110010011011110010001000110111 
000010011011111100001010011111101011011001101 

TAMANHO 46:
0101001011001010000101100111101100110100100110
0101101111111011010111101101111110101010110011
0000100110000000110110101101100001000110111100
0010101001001001000010100110110101101100001011
1010001001101010010100101101011110111111001100
0100011001000111110011010110100101011000101100
1100011001010100101110101001011100110100101001
0001111001111100110110110111100000011011000110
0010011011110001110010000100000101101011100101
1100000000100100001111010100000111000000110011
1110010100000111111000001110110110110010011111
0011011101011001110101011000010001100101001100
0110111011001100111010110000111110101010011100
1100011111010100001011010100000110010100011110
1001000111011000111101110000111001101001011010
0100010010000000001000001001010001011001100000
0101100110111111101001101001010000000001000101
1010100110001011111000011110011011110010001000
1111000101110111101011011101110010000100101111
1111110101011111100000111010100111111000001110

TAMANHO 47:
10110010110010001110100101111010001101000010100 
11110111010000110110001111100010011110011011100 
10111101101100100001111101101001110011111010111 
11011110100100000101101110011010010000000000101 
11001110011101001010011001000101010110101000101 
11000001100100000100010001001010111110010010001 
10100011100111111111011001010010010001110000011 
00100111111000010100110110011110011101000000010 
10010100100111110010001011011011011101011111011 
10000101001001100001001011011001100111011100010 
00011001000011000001011100111110101001100111011 
00001100111001111100001111100101011011110000100 
10011100100100011101010101100111111001110100000 
01010000110110001000110100100110000001000001011 
01000100101000000110111010000110011001111001011 
11101101001010011011011001000110010000100101110 
01000100111000110110011111000001000101101100101 
10111011000111111001010000101110100110001001111 
11010100101011010110111101010011111010110101110 
10000111001011110001111011001011110011110111011

TAMANHO 48:
111001100110011000101000100001001001000110110000 
001011011000110110110111110101110100011101100110 
111001111100011111011101010111110101011011110111 
111101000111110001100111110011100011100110100100 
010110111000000000011001010110110100010101001010 
001000110110110011010111001100100101011000000100 
111010111000000101110000011100110011011110111010 
101000001000010001100101000000001011000001001111
001111000101100101111111100110010001001000111011 
010010111011011000110101111110101110111000111001 
111000101011111111111000000000100010100000111010 
100100101001010010000100111010011001010101101001 
110101100110011101000110101101000100011011100010 
111101100111101010111110110111110001101101001000 
000000110001111011110101010011010010011110100100 
111101111010100110110011001101001010101101100010 
001100110111001110110011111010111111111010100000 
100011100111011000011001010100011010100110011111 
111001011010010000011100101100101101000110011111 
000010110000001000111101110011110100001110010110

TAMANHO 49:
0100110101100011011100001001000011000110100001101 
1100010100111110110001100101110110011011010101101 
1110010111011111010001001111001111001010011101010 
1001011100010010001010001101010000001000101110101 
1010011001000101111000000100101000001111011011110 
0111011000101010001011101000011101101011101000010 
0010000001100011101011101110110010111110000011011 
0011101001000010100100101010110100000101001000010 
1101101001010100010001001110011000000101010110110 
0000100011111001101001101011000001001001110000100 
1010001100111010110010111010010111101110100110110 
0111111010100101111000001001101111111001010001111 
1100110011100011101100101011000011010001011000001 
0110111110010100000110011110101000100011011110110 
1100111101000111111011101010011011010001100111110 
0100100001100010001101010001101010100001111110100 
1111010000000001011101100101010110001111001101000 
1000111100101000101101110100000001010000000100001 
0101011011100010001111101011000100011110001010001 
0001111101001001001010011001110111011011010000000 

TAMANHO 50:
11000110111010111111100001110010000000011111000011  
10100011011001111001110000010110011110011111001110 
11100100111001101011001000011010100001010010001011 
00100110110101011101110111111111011001001001100001 
00001111111111001000100101110110001010100001101110 
01011101110011001010001001010111011110001101001101 
00100010111100011010010100100000111111110110110100 
01111001101011010100101001001111111001110110111111 
10110000100100000011010010110100000110000110111010 
11100001110100111011001110011001010011010001110110 
11110110100110111111000111111011011110011010011000 
00010110010010100100100101101111000010010110010110 
10011011011010001110001111010011100111110000110011 
11100101100100010010010100010100010100000101010001 
11111111100001010001000100110001011011011110110011 
11011111111110100100000100111110010010000111000101 
00100010100111001111010010011100010111011111001001 
01001100000001001101011101000110011000000101011001 
10001110000000100100011011110001001001010011000110 
11000110011000001110000101110100100110110101011000 

TAMANHO 51:
110100011111001001101010111000011100111101100111101 
110011110010001010101101000001101011111100101011110 
000010111101010111001000001101110011100010010011000  
111110111100011100100110001000100001011111011000101  
001000100010011011100100110001010001001111101111011 
101100011101101111010001111010100001100111010110000  
101110010101011001100000000000011101110011010101001 
110010111110111110110100110000110100110000011101000  
011100111010100010001100110101111011110100100010000  
100111001010110111010101001111101100000100011011010  
011101100010010111000011000100001101101100101001110  
110101001001000111111011010011100011100011100001000  
110000100011001011011001010001100000110100001010111  
101010010101110100101110010010001110011010100001111  
100001001111011110111100111001110000001110101100100  
000101110111111010001101000110101111110001001110110 
101000100000001011101000001111011111010011111010101 
010100111000100101100101111111110100101111001110110 
000100010011111110001101010011011010101101001000111 
010001000011001110000101111100011110101111110000000

TAMANHO 52:
0111010011101111100100001001101000100000111100101011  
1011001101000111000010000010101111101010010111000001 
1001010011010010000111110010001000010101101001010010  
0000001011010101010001111010111100011110110101111100 
0010110101100101110000101100001111000011110111101101 
0001011010000101101000010000001010001000011111010110  
0010101110110000000011000000010110000000100110011000  
0011000100111011011001001100011101111100010011110001  
1000010001010001010101011010000000101101011101011111 
0101011011111001111001100111110011111001110101111000  
0111100001000000100010110010100001101011011101010110 
0111011100001100100111101111100100111010000011111011  
1001110001111011110110000101101000110100010101010111  
1010110111010001111100100101011100111110011110101100  
0011000100101110100100011011000001000000011010010001  
0001010111101011010101001010001110100100111001101111 
1111010010100100100000100001011101110111011100001001 
1111110001100101001111010101101001011010001110110010  
0100001101001101100011010110000011111100000000111010  
0110101101101100001000110000100010001110010010001111

TAMANHO 53:
01001110011001101010000011110111011110110100000000111  
10010100000100000010101000101010000000000000110001010 
01010111111101110010000001001001010001100111110101011  
01001100011100101010000001110001001011001100011010110  
11001001110011100101000011100001011111001010100101010  
01110000100111110111100000001101110110010100110111000  
10001000001101001011000100001100100011011000001001101  
01001101101000000000110111001011101011111000110101010  
11001001001000010000011010101000001100001101100100010 
11011000110101000010101110110100101010001110111100000  
01011000100000011000101011110001011111111010000101111 
11011110011110101010110101010000001101100001010011100 
01101100010011010001110010001101010111101111010111011 
10000110101111100111000010110100100000101001111111101  
10000001101001101110001100011011110010100111100110011 
11010001110010011111010001111110011100001111111100100  
10101011001010100011001111100111010011010011111000001  
10100011101000100110010111010100111011010011100010000 
10110011001000110111001100011110110111001010111001010  
10001101101000111011100001110001101110101101001111001

TAMANHO 54:
000011001011001010001100010010100100001110111101001101  
010000001111010110000011001100110000010000101000101000 
000010000100101011010000100111110011111001010110111100 
010001101111100110001100000001010100111101001111011101 
101111010011010011110000010101111001000000101000100011 
000111101000001001110100100010111111101011000000100001 
011000010111111001101000100001110010110000001111011100 
011100000110000000101011010100100011011011101100011110  
110110110111010011101001000101011111101001000001000111 
001010001010000111000100100111100001010111011100011011 
011011101001100011111001111110110011001001110111100110 
010110010011010110010100011111100111001100010111111011  
110111111010110010000001000111100110101111001110100101 
001110111101011011000100111111111000111111100010001010 
110101101101011000001010000001000011000010100011100000 
101101101000100100111100011111011110011101000001001001 
000101100000101011111010010111001011010000010011110001 
011101000101000101010000001100001011111100001011100101  
101000100110111011111010011111010110001110010011001111 
111101000001100011100011111001100011001010101011111111

TAMANHO 55:
1110110011010110101010101110111010111010111101111011001 
1101000111100111100011110101101111000111100101000101001 
1100101100100000001110010111110010110100100001110100010 
0100001000001011000111111010101111100110010111110000000 
0000011101110000101001101001001001011010111101010101010 
1000100110001000001000000001100110000001001111000010010 
0100010000100011101001000101011110100110000111111011010 
0100000100101101101111111110011000011000010110111001100
1110011001001001111001011101111100010001111101100101000 
1000111100010001010001100000011011100000001010010011100 
1010010111111100100011011111011110001000010100100111000  
0011101100001101110011010111011100111000101010010001100 
0101000011110100000100000110011000000001010101100101001 
1000000110100101010000101101100110100110101001100101000 
0101000110101110000110001110100110011011001011101010011 
1000111110110110111111010001101000100111011101000100011 
1101101010111101100101001111000000000101000010111001001  
1010001111010110100011010000001000011111000010001101101 
0010000000011010110100010111000101000101110110110010111 
1101011000111111001101000111011111000010101010100111110

TAMANHO 56:
10011010010111101101010000000110101011010010010100000111 
01111000001101001010011010101111100110001010110110011000 
10101110111101110100100001101011110011100111000101000111 
10010000001111001010000001111100110000100101111101001010 
11011001011101001100010001001001001111110110100111011111 
11000101101000011001011111110010011100010000111111110101 
01001100100000011101011100110000100100000001001101100100  
11100101100001010000100000010111110011110111000000110001 
00010101000011011110010011001010100100011111101011000000 
10011101010110100011001000011010010011011001010000011110 
00010100001101000110001100110101101010110110010100111001 
11011110110111000010011111011001000101010100010010001000  
11110101011100111110100011101100100100111111111100010100 
01010100100011111010111100110001010010100000000000100011
11000100010110110101110100010010010011111011111110010110 
00011011100100100001101101111100100100000101011001000101  
10010000001011000000011011001000101011011011010011001110  
01110010100001101100111011010111101000100011110100001110  
11011010101000110001010110110111010101011010000011010011 
01011001101000000110011011001100010010011001111100010111

TAMANHO 57:
001001010011011111111101011100101010010001111100010011010  
010000101011011101100000111111010111000001001001010101000  
001011101110010111011101001010001100000000110001001000101  
101010000000101000110101111111000100110011110010000110100  
010110100111101000101100100100111100000101000001100111000  
110010011011011101000010011001000101100011011101010100000  
010011000001110001110000011110010111010010111111010110000 
000000100011101110011011110011010010100110101000000100111  
000110011010000111110110011101011001100000010111101110000  
111101110111011010100000010100011000111000101011001111001  
000111100011001101100110100000111011100100111011010110111 
011101101001011011000000000100100110100000110010101110100  
000000010001010011001001010101110100111011001001111010010 
101011111011111001111010110111000001001010001100011001010  
000000111100000100111101011011001111010100011001010001111 
011011011000101010001000010110110100100101111111000101110 
110001110110000000001100011110001111011000101101101011011 
000110000001011000010000110001010110110111110010100011011  
110101110011111000110100110100110010011000100110100011000  
001100100010111001010000101110101101010111100000101100110 