0.000001
1100001110 0.000004
0100010001 0.000009
1000011000 0.000006
0001101101 0.000010
1100001011 0.000003
1110111100 0.000001
0000010111 0.000011
1010111110 0.000004
0011101010 0.000009
0111001100 0.000007
0101001000 0.000008
1101000001 0.000003
0111110110 0.000006
0010001110 0.000010
1100011101 0.000003
0000101100 0.000011
0011011100 0.000009
0010100001 0.000010
1111101100 0.000001
0001111011 0.000010
0.000001
00011101110 0.000020
01101001110 0.000013
00100101011 0.000018
10100111011 0.000008
11000011101 0.000006
00010101100 0.000020
01110011110 0.000012
10001111000 0.000010
10111010011 0.000006
11101010000 0.000002
00100111010 0.000018
01000000111 0.000016
11010000001 0.000005
10010001001 0.000010
01111000110 0.000012
01111111111 0.000011
10001001010 0.000010
01101110000 0.000012
10000101011 0.000011
01001100010 0.000015
0.000001
101110010011 0.000012
000101111100 0.000038
111100011111 0.000003
110000100100 0.000011
001100101100 0.000034
000100010100 0.000039
000101101011 0.000039
011010000000 0.000024
010001110100 0.000031
111000110110 0.000005
111101101101 0.000002
110101100011 0.000008
111111011001 0.000001
110000110010 0.000011
100011101101 0.000019
001111000111 0.000033
001110010101 0.000033
110101011101 0.000008
100010111010 0.000020
010111110111 0.000027
0.000001
1101000011100 0.000016
1100101010111 0.000018
1111101100111 0.000002
0000110011011 0.000080
0011010100010 0.000067
1011000110001 0.000026
1001101111011 0.000034
1111100001010 0.000003
1001101011111 0.000034
0001100011101 0.000076
1010010110100 0.000030
0001000010110 0.000079
1000111110110 0.000037
1100100000111 0.000019
1110111010000 0.000006
0000010101111 0.000082
1001011111111 0.000035
1110010011010 0.000010
1111111110111 0.000001
0111000110100 0.000047
0.000001
10100111101010 0.000059
00010001011100 0.000176
11011011110111 0.000025
00010100101101 0.000155
00011011101011 0.000150
10110101001000 0.000050
11111110011111 0.000002
01000010111001 0.000125
11110100000000 0.000006
01011111011111 0.000106
11101111111011 0.000011
00111010110110 0.000130
01001010101110 0.000119
10110010111111 0.000051
00010000111110 0.000157
11011101111101 0.000023
00001111110010 0.000158
11111100100000 0.000003
00100101001101 0.000144
01001101111010 0.000117
0.000001
000111101100111 0.000296
111101100011010 0.000014
010101001010110 0.000225
111010110100011 0.000028
001001001111011 0.000288
000111110001100 0.000295
010010011110111 0.000240
011010111111011 0.000195
001010001100111 0.000283
001100111100111 0.000268
111001101001000 0.000034
100001010001011 0.000169
101100011001000 0.000104
111011001011110 0.000026
010110000011010 0.000222
000100011100101 0.000328
111011100101101 0.000024
000111100001000 0.000297
100000011001101 0.000167
011110100111100 0.000176
0.000001
0101000110101110 0.000459
0000100110000101 0.000648
0100110001111011 0.000473
0011001001001010 0.000541
0100001001010110 0.000499
0100110001100101 0.000474
1111001001100011 0.000037
1011110111001101 0.000175
1111010110110101 0.000028
0111001111110111 0.000430
0011101000001011 0.000567
1100110100010110 0.000139
1111100101110010 0.000018
0110010010101111 0.000409
0110111010100010 0.000383
1100010101101110 0.000155
0000011001000110 0.000657
1011000111011011 0.000224
0101111011010010 0.000440
1111010011000010 0.000030
0.000001
00100010100011110 0.001184
10100100101110110 0.000481
11101101100011101 0.000117
11110001111011011 0.000082
10101001110001001 0.000503
00010010111001110 0.001290
11101010001100010 0.000115
00010100001000100 0.001299
00010101001001111 0.001289
01001111000111001 0.000931
00111100100110000 0.001095
01001001001111001 0.000992
00011010001000011 0.001268
01101001001001101 0.000793
11110101010100011 0.000057
01001011000011100 0.001270
10011111111101111 0.000721
00000011110101000 0.001342
00111100100011101 0.001078
01100000010110111 0.000896
0.000001
000001111110110111 0.002623
001110001011111011 0.002430
010001001101011010 0.002005
001000101100011110 0.002366
111101110001111000 0.000097
000000111100101010 0.002748
100001010101001101 0.001292
001011001000110011 0.002318
101011001101101011 0.000878
100001101010011001 0.001290
101011110010010010 0.000896
100100010110001001 0.001168
000101001111000111 0.002522
011101010011010111 0.001558
110011110101101111 0.000512
011110001111000101 0.001421
000100001110011010 0.002535
001010100001101111 0.002269
111100011110100101 0.000155
111000011001001000 0.000321
0.000001
1000010010100101001 0.002615
1111001101101011110 0.000265
1000110111010000010 0.002417
1000100011111000000 0.002538
0110011011001010010 0.003368
0111001100110110011 0.002969
1010010111101010000 0.001922
1010001001101100001 0.002035
1100010001110010110 0.001257
1111110101110100101 0.000060
0011011010000110011 0.004268
1100111111010101111 0.001015
0111001000010010010 0.003002
1001110011011000011 0.002098
0100110001100001101 0.003794
1001000101111011111 0.002369
1001100100010010110 0.002262
1000001111011011111 0.003198
0001001010011111110 0.005031
1001110011111100001 0.002132
0.000001
10110000001110100011 0.003408
11001111001111100110 0.002138
10110101000010101011 0.003249
01100100101000010000 0.006868
00001101001101111010 0.011021
00110010111010110111 0.009150
11101111111010011101 0.000678
01011111101110110001 0.006895
11010000010000010011 0.002132
01111011100010010011 0.005826
00101011101101100111 0.009040
00010011011101011101 0.010153
10101111111011101110 0.003381
01111110100010110101 0.005531
10100000111010011000 0.004013
01111101010001001101 0.005522
00101000101011010100 0.009251
01010100101101000000 0.007314
10100101110111100101 0.003856
10111101010100100010 0.002896
0.000001
101000011101010111111 0.008122
001001110100111110010 0.019452
111000111110010010000 0.002387
101011100001011110011 0.007213
101000101110111100111 0.007838
010100100110011110110 0.014989
101110111111101100000 0.005837
000010001100001110010 0.021148
110010001100011010001 0.004801
010100010000001000101 0.015056
100101011100110101110 0.009091
010101000110010111110 0.014552
110010011001001101001 0.004736
100111100001001011011 0.008257
100010110101100110111 0.009848
101000110110001011000 0.008063
111100110010000101001 0.001124
111001000101000001001 0.002343
110011001001101111100 0.004422
000001001110001101011 0.021608
0.000001
0110110111001110101111 0.025477
1000011000101100001011 0.020979
0110100101000001101101 0.025757
0110011000011001111011 0.026575
1101011111100101000010 0.006845
1001011111101101110011 0.017999
1110110011011010110100 0.003359
1011010010011101111110 0.013208
1010011001011111001111 0.015466
1111100011011110001101 0.001250
0100010011101101011101 0.032074
0001010001110000101000 0.041411
0011110001011010100111 0.033970
1100010000101001100011 0.010300
1111101001011101100101 0.000990
1110001110111101110000 0.004833
0100010100110110111000 0.032042
0101010001111101011101 0.029872
0100001100011111110011 0.032788
1011101111000111011001 0.011761
0.000001
11110010111101100000011 0.004535
11010101011101011100110 0.014547
10011110000011111111101 0.033946
01010001010011101011010 0.060569
00000010011000010111110 0.087158
01100101111101101011110 0.052797
01000001010111000000100 0.065628
10001111011101000101100 0.039741
11100101001010110101110 0.009357
00110000010010111001010 0.071129
10001001111110100010101 0.041827
01010110010101011000110 0.058478
11110110100110001010110 0.003246
11011011101111010100001 0.012373
00100110110011001101111 0.075180
01000110010011111100001 0.063986
11010110111011100100101 0.014244
11101110100111001101001 0.005914
11111111100000001100100 0.000169
00000001011011011100010 0.087308
0.000001
110010010000011101001111 0.037468
101100011000100000111110 0.054034
110111100000010001110110 0.023345
011010100011100011110000 0.102838
000010001110111110111010 0.184236
000110101010111001001000 0.157658
010011100111101100100101 0.122032
000101011111100000110111 0.160092
010110011001011110010100 0.114635
111111110111011000110010 0.000372
011110000111011111000100 0.093793
111001000101101111100110 0.019137
101100001010000101100101 0.054927
011010110101111010100100 0.102053
010000000111001110011101 0.132550
101011101010100110010011 0.056138
101001000101110101011000 0.062640
100010101101110100010001 0.081708
000110100001010101110101 0.158549
111011111101010110011001 0.011137
0.000001
1000010000101111110111011 0.170890
0001000111100001101001100 0.329620
0111100110111100000010001 0.186817
1001000011101100010010001 0.187863
0011110001000010000110100 0.272646
0001100000101110011001110 0.331766
0010010011100000100001101 0.308326
1000000011111011111011111 0.178883
1001001000011011100101010 0.156445
1110100100010110111100011 0.033678
1100011000110010000000001 0.081963
0101000101000110100101101 0.251476
0110000110011000010110101 0.223208
1100101101101000011111111 0.073973
0001011110110011101010101 0.326943
1101000101000010100011101 0.064972
1111100111110001110100100 0.008310
0010010110010101010010010 0.301796
1011100001010000011000100 0.099035
0010111110011010111110010 0.287607
0.000001
11010011110010010110000010 0.122950
11101110110111111000011011 0.047406
00101110101111001110001000 0.578246
11100100111000000000011110 0.074713
01010000101011111111000011 0.482745
00100110100110011001000100 0.596001
00010111111011010111100001 0.637712
00100110110100000110011111 0.615957
11111111001000000001000110 0.002360
11100011100110011011100011 0.078290
00000111100110010101100001 0.689232
11011010110110000000001110 0.104209
11011001000000111000100110 0.106876
11010011010000100100110000 0.127181
01100001101001101101111100 0.453021
01110011100000101011100110 0.398761
00101011101010101001011001 0.592576
10110001010101111101001010 0.233659
00111111111110010101100011 0.540513
10010001101100111010110101 0.306572
0.000001
101010100011010100100000100 0.479148
000000101001010011001001011 1.413008
100111111110101110100010000 0.540038
101110111111110011000001011 0.377869
100101110111010110011000011 0.581828
101100010011101101111111100 0.445661
101111010001001010101011001 0.411754
001001011000010001001101100 1.263733
000011010011011100100010100 1.399540
100110111010011100101101100 0.565599
010111110010000100100111010 0.915104
110011101001100000000011010 0.292313
101001100010100010001010110 0.521661
100010001100110010001000011 0.662643
001100010111010000011101010 1.168176
010000011101011001001001011 1.097415
001011000000110011101111110 1.200539
001011011110000101110010011 1.200868
001111000100100111001110111 1.149882
011101010010011001000101001 0.784414
0.000001
0100101010011001010101100101 2.093618
0011011111111101010010111100 2.246813
0100100011000111011010100000 2.052705
0001101011110100100101101000 2.565395
1100010100110101010111111101 0.656202
1110111110010110110110111110 0.183706
0110011101110111100011110111 1.715847
1101001101010010111100110111 0.502384
1111111111011101111111001001 0.001539
0100100110001011010100100000 2.077415
1011100100111110001100100110 0.826367
0101001101000111000101000011 2.007793
1001101011001011011101110110 1.242874
1101101001110010000010001001 0.420458
0001110100000011000010110110 2.694789
0001100101001100100101110011 2.666430
1000010111010111001010000101 1.408425
0011110010000101110110110011 2.301392
0000001000011101100101000011 2.972529
1110011100101000101111110110 0.287434
0.000001
00011010101111000010010011111 5.375948
11110101110010111011000100011 0.240806
01100000011001101111101001001 3.614322
00011110000000000110000101110 5.078197
11011111000001111001011011100 0.741190
10110001101011100011101100101 1.763215
11111101100000011000011001100 0.055886
11010111101010001001111011000 0.945794
01001110011010010110101100101 4.174611
10100110110001010000010000101 1.992197
10010001100001100111110111111 2.483324
01111110111001111100110100100 2.889464
11011000011101010110000011000 0.880684
10010111101100000110101110101 2.326365
00110111110011011000111001001 4.535358
10011000100110110100010101110 2.315083
01111001100011010011100111001 2.998402
11000001110001111011110010110 1.385195
00001001100001100011011000111 5.507326
11011010100101011100011011101 0.835826
0.000001
011001100010111110001010011101 6.959392
110010111010010101100001010000 2.416186
011101001011111001001001111101 6.392399
011111111010100110101101101100 5.891735
011011001011110011100001000100 6.650602
010010000110111110011101011111 8.245314
101101000111010111000100011010 3.368751
000000001110111010001010111100 11.491948
111000101000011011001010011100 1.380068
110101111101111001111001001100 1.886414
100010011000101101110010001101 5.476095
111001111000000100011010110110 1.096367
100111000010111101101011000000 4.618035
001100010100001100100000111101 9.445965
010100000110010010010110000100 8.033726
011010011011110110110011111010 7.011407
011100011010101100000111011101 6.739532
000110110101011010110110110010 10.662278
101111111000000111010110001111 2.966935
110110101111100101000011110101 1.721101
0.000001
1110001000100000100000111110110 2.783051
0001011110100000011110110111101 21.257283
1110100110111011000100101111100 2.020899
0000111000110110101110001101001 22.223605
1101000110000011001011010101000 4.251678
0110101000111000011101010011010 13.890136
0100101001000011100010001101110 16.514720
1101110111001101100011101011010 3.130297
1101001010000110001110011001110 4.196705
0000111100111010010111101011010 22.259986
1010101110010100110010100101001 7.567648
1011100101110101100001100000111 6.486270
1100001010100001111001011011100 5.808471
1111100101111100101000100110101 0.599071
0101100110001101001110000001110 15.078741
0111111110010111100111010011010 11.645541
0100101110100000001111011100010 16.613402
1000000001110101101011111011100 11.432645
0011111110001110001100010001000 17.266728
0011100100100001101001100110111 18.025670
0.000001
00000000010101111010011110101110 46.892541
10100001011101100010101010011111 17.074616
00001011111111011001000101101100 44.144779
01001100111100111001110100100000 32.636190
01100011111000110001100101101100 27.945208
10010010100101110011111111111010 19.559833
01111110110100010000011001100000 23.005374
00100101001000111101111100000110 39.158415
00011101000000000000110111100110 41.167210
01110101000001000100011101001001 25.662816
10011110100110000001010100111110 17.377473
00100001101010010111010111101010 41.051461
10000010011011100110000010100101 22.682365
11011001001101101111011000101101 7.093962
10101001111010010101010010111010 15.834912
01001000010111100011000111111000 33.168820
10001101010111010110111111000000 21.175369
11100100000100000001010100000000 5.073734
00101011111101010001101011001110 38.352669
10110001110101000000011100111011 14.285397
