0.000000
1100001110 0.000000
0100010001 0.000000
1000011000 0.000000
0001101101 0.000000
1100001011 0.000000
1110111100 0.000000
0000010111 0.000000
1010111110 0.000000
0011101010 0.000000
0111001100 0.000000
0101001000 0.000000
1101000001 0.000000
0111110110 0.000000
0010001110 0.000000
1100011101 0.000000
0000101100 0.000000
0011011100 0.000000
0010100001 0.000000
1111101100 0.000000
0001111011 0.000000
0.000000
00011101110 0.000000
01101001110 0.000000
00100101011 0.000000
10100111011 0.000000
11000011101 0.000000
00010101100 0.000000
01110011110 0.000000
10001111000 0.000000
10111010011 0.000000
11101010000 0.000000
00100111010 0.000000
01000000111 0.000000
11010000001 0.000000
10010001001 0.000000
01111000110 0.000000
01111111111 0.000000
10001001010 0.000000
01101110000 0.000000
10000101011 0.000000
01001100010 0.000000
0.000000
101110010011 0.000000
000101111100 0.000000
111100011111 0.000000
110000100100 0.000000
001100101100 0.000000
000100010100 0.000000
000101101011 0.000000
011010000000 0.000000
010001110100 0.000000
111000110110 0.000000
111101101101 0.000000
110101100011 0.000000
111111011001 0.000000
110000110010 0.000000
100011101101 0.000000
001111000111 0.000000
001110010101 0.000000
110101011101 0.000000
100010111010 0.000000
010111110111 0.000000
0.000000
1101000011100 0.000000
1100101010111 0.000000
1111101100111 0.000000
0000110011011 0.000000
0011010100010 0.000000
1011000110001 0.000000
1001101111011 0.000000
1111100001010 0.000000
1001101011111 0.000000
0001100011101 0.000000
1010010110100 0.000000
0001000010110 0.000000
1000111110110 0.000000
1100100000111 0.000000
1110111010000 0.000000
0000010101111 0.000000
1001011111111 0.000000
1110010011010 0.000000
1111111110111 0.000000
0111000110100 0.000000
0.000000
10100111101010 0.000000
00010001011100 0.000000
11011011110111 0.000000
00010100101101 0.000000
00011011101011 0.000000
10110101001000 0.000000
11111110011111 0.000000
01000010111001 0.000000
11110100000000 0.000000
01011111011111 0.000000
11101111111011 0.000000
00111010110110 0.000000
01001010101110 0.000000
10110010111111 0.000000
00010000111110 0.000000
11011101111101 0.000000
00001111110010 0.000000
11111100100000 0.000000
00100101001101 0.000000
01001101111010 0.000000
0.000000
000111101100111 0.000000
111101100011010 0.000000
010101001010110 0.000000
111010110100011 0.000000
001001001111011 0.000000
000111110001100 0.000000
010010011110111 0.000000
011010111111011 0.000000
001010001100111 0.000000
001100111100111 0.015625
111001101001000 0.000000
100001010001011 0.000000
101100011001000 0.000000
111011001011110 0.000000
010110000011010 0.000000
000100011100101 0.000000
111011100101101 0.000000
000111100001000 0.000000
100000011001101 0.000000
011110100111100 0.000000
0.000000
0101000110101110 0.000000
0000100110000101 0.000000
0100110001111011 0.000000
0011001001001010 0.000000
0100001001010110 0.000000
0100110001100101 0.000000
1111001001100011 0.000000
1011110111001101 0.000000
1111010110110101 0.000000
0111001111110111 0.000000
0011101000001011 0.000000
1100110100010110 0.000000
1111100101110010 0.000000
0110010010101111 0.000000
0110111010100010 0.000000
1100010101101110 0.000000
0000011001000110 0.000000
1011000111011011 0.000000
0101111011010010 0.000000
1111010011000010 0.000000
0.000000
00100010100011110 0.000000
10100100101110110 0.000000
11101101100011101 0.000000
11110001111011011 0.000000
10101001110001001 0.000000
00010010111001110 0.000000
11101010001100010 0.000000
00010100001000100 0.000000
00010101001001111 0.000000
01001111000111001 0.000000
00111100100110000 0.000000
01001001001111001 0.000000
00011010001000011 0.000000
01101001001001101 0.000000
11110101010100011 0.000000
01001011000011100 0.000000
10011111111101111 0.000000
00000011110101000 0.000000
00111100100011101 0.000000
01100000010110111 0.000000
0.000000
000001111110110111 0.015625
001110001011111011 0.000000
010001001101011010 0.000000
001000101100011110 0.000000
111101110001111000 0.000000
000000111100101010 0.000000
100001010101001101 0.000000
001011001000110011 0.000000
101011001101101011 0.000000
100001101010011001 0.000000
101011110010010010 0.000000
100100010110001001 0.000000
000101001111000111 0.000000
011101010011010111 0.000000
110011110101101111 0.015625
011110001111000101 0.000000
000100001110011010 0.000000
001010100001101111 0.000000
111100011110100101 0.000000
111000011001001000 0.000000
0.000000
1000010010100101001 0.000000
1111001101101011110 0.000000
1000110111010000010 0.000000
1000100011111000000 0.000000
0110011011001010010 0.000000
0111001100110110011 0.000000
1010010111101010000 0.000000
1010001001101100001 0.015625
1100010001110010110 0.000000
1111110101110100101 0.000000
0011011010000110011 0.000000
1100111111010101111 0.000000
0111001000010010010 0.000000
1001110011011000011 0.000000
0100110001100001101 0.000000
1001000101111011111 0.000000
1001100100010010110 0.000000
1000001111011011111 0.015625
0001001010011111110 0.000000
1001110011111100001 0.000000
0.000000
10110000001110100011 0.000000
11001111001111100110 0.000000
10110101000010101011 0.000000
01100100101000010000 0.015625
00001101001101111010 0.000000
00110010111010110111 0.015625
11101111111010011101 0.000000
01011111101110110001 0.000000
11010000010000010011 0.000000
01111011100010010011 0.000000
00101011101101100111 0.015625
00010011011101011101 0.000000
10101111111011101110 0.000000
01111110100010110101 0.000000
10100000111010011000 0.015625
01111101010001001101 0.000000
00101000101011010100 0.000000
01010100101101000000 0.015625
10100101110111100101 0.000000
10111101010100100010 0.000000
0.000000
101000011101010111111 0.000000
001001110100111110010 0.015625
111000111110010010000 0.000000
101011100001011110011 0.000000
101000101110111100111 0.015625
010100100110011110110 0.000000
101110111111101100000 0.015625
000010001100001110010 0.000000
110010001100011010001 0.015625
010100010000001000101 0.000000
100101011100110101110 0.015625
010101000110010111110 0.000000
110010011001001101001 0.000000
100111100001001011011 0.015625
100010110101100110111 0.000000
101000110110001011000 0.000000
111100110010000101001 0.000000
111001000101000001001 0.000000
110011001001101111100 0.015625
000001001110001101011 0.000000
0.000000
0110110111001110101111 0.015625
1000011000101100001011 0.015625
0110100101000001101101 0.015625
0110011000011001111011 0.015625
1101011111100101000010 0.015625
1001011111101101110011 0.000000
1110110011011010110100 0.000000
1011010010011101111110 0.015625
1010011001011111001111 0.015625
1111100011011110001101 0.000000
0100010011101101011101 0.015625
0001010001110000101000 0.015625
0011110001011010100111 0.031250
1100010000101001100011 0.000000
1111101001011101100101 0.000000
1110001110111101110000 0.000000
0100010100110110111000 0.015625
0101010001111101011101 0.031250
0100001100011111110011 0.015625
1011101111000111011001 0.000000
0.000000
11110010111101100000011 0.000000
11010101011101011100110 0.015625
10011110000011111111101 0.031250
01010001010011101011010 0.031250
00000010011000010111110 0.062500
01100101111101101011110 0.031250
01000001010111000000100 0.046875
10001111011101000101100 0.015625
11100101001010110101110 0.015625
00110000010010111001010 0.046875
10001001111110100010101 0.015625
01010110010101011000110 0.031250
11110110100110001010110 0.015625
11011011101111010100001 0.000000
00100110110011001101111 0.046875
01000110010011111100001 0.046875
11010110111011100100101 0.000000
11101110100111001101001 0.000000
11111111100000001100100 0.000000
00000001011011011100010 0.062500
0.000000
110010010000011101001111 0.031250
101100011000100000111110 0.031250
110111100000010001110110 0.015625
011010100011100011110000 0.062500
000010001110111110111010 0.109375
000110101010111001001000 0.109375
010011100111101100100101 0.078125
000101011111100000110111 0.109375
010110011001011110010100 0.046875
111111110111011000110010 0.000000
011110000111011111000100 0.062500
111001000101101111100110 0.015625
101100001010000101100101 0.031250
011010110101111010100100 0.062500
010000000111001110011101 0.078125
101011101010100110010011 0.031250
101001000101110101011000 0.046875
100010101101110100010001 0.046875
000110100001010101110101 0.093750
111011111101010110011001 0.015625
0.000000
1000010000101111110111011 0.109375
0001000111100001101001100 0.203125
0111100110111100000010001 0.109375
1001000011101100010010001 0.093750
0011110001000010000110100 0.187500
0001100000101110011001110 0.187500
0010010011100000100001101 0.187500
1000000011111011111011111 0.109375
1001001000011011100101010 0.109375
1110100100010110111100011 0.015625
1100011000110010000000001 0.046875
0101000101000110100101101 0.156250
0110000110011000010110101 0.140625
1100101101101000011111111 0.046875
0001011110110011101010101 0.203125
1101000101000010100011101 0.046875
1111100111110001110100100 0.000000
0010010110010101010010010 0.171875
1011100001010000011000100 0.062500
0010111110011010111110010 0.171875
0.000000
11010011110010010110000010 0.093750
11101110110111111000011011 0.015625
00101110101111001110001000 0.359375
11100100111000000000011110 0.046875
01010000101011111111000011 0.296875
00100110100110011001000100 0.359375
00010111111011010111100001 0.375000
00100110110100000110011111 0.359375
11111111001000000001000110 0.015625
11100011100110011011100011 0.046875
00000111100110010101100001 0.437500
11011010110110000000001110 0.062500
11011001000000111000100110 0.062500
11010011010000100100110000 0.062500
01100001101001101101111100 0.265625
01110011100000101011100110 0.234375
00101011101010101001011001 0.359375
10110001010101111101001010 0.125000
00111111111110010101100011 0.312500
10010001101100111010110101 0.187500
0.000000
101010100011010100100000100 0.296875
000000101001010011001001011 0.828125
100111111110101110100010000 0.328125
101110111111110011000001011 0.234375
100101110111010110011000011 0.343750
101100010011101101111111100 0.265625
101111010001001010101011001 0.218750
001001011000010001001101100 0.718750
000011010011011100100010100 0.812500
100110111010011100101101100 0.343750
010111110010000100100111010 0.531250
110011101001100000000011010 0.171875
101001100010100010001010110 0.296875
100010001100110010001000011 0.390625
001100010111010000011101010 0.687500
010000011101011001001001011 0.640625
001011000000110011101111110 0.703125
001011011110000101110010011 0.703125
001111000100100111001110111 0.640625
011101010010011001000101001 0.453125
0.000000
0100101010011001010101100101 1.234375
0011011111111101010010111100 1.328125
0100100011000111011010100000 1.218750
0001101011110100100101101000 1.531250
1100010100110101010111111101 0.390625
1110111110010110110110111110 0.109375
0110011101110111100011110111 1.031250
1101001101010010111100110111 0.296875
1111111111011101111111001001 0.000000
0100100110001011010100100000 1.203125
1011100100111110001100100110 0.484375
0101001101000111000101000011 1.140625
1001101011001011011101110110 0.687500
1101101001110010000010001001 0.250000
0001110100000011000010110110 1.500000
0001100101001100100101110011 1.546875
1000010111010111001010000101 0.812500
0011110010000101110110110011 1.312500
0000001000011101100101000011 1.671875
1110011100101000101111110110 0.156250
0.000000
00011010101111000010010011111 3.078125
11110101110010111011000100011 0.140625
01100000011001101111101001001 2.140625
00011110000000000110000101110 3.000000
11011111000001111001011011100 0.453125
10110001101011100011101100101 1.046875
11111101100000011000011001100 0.031250
11010111101010001001111011000 0.531250
01001110011010010110101100101 2.515625
10100110110001010000010000101 1.296875
10010001100001100111110111111 1.578125
01111110111001111100110100100 1.859375
11011000011101010110000011000 0.562500
10010111101100000110101110101 1.484375
00110111110011011000111001001 2.859375
10011000100110110100010101110 1.375000
01111001100011010011100111001 1.796875
11000001110001111011110010110 0.828125
00001001100001100011011000111 3.296875
11011010100101011100011011101 0.500000
0.000000
011001100010111110001010011101 4.109375
110010111010010101100001010000 1.390625
011101001011111001001001111101 3.703125
011111111010100110101101101100 3.421875
011011001011110011100001000100 3.921875
010010000110111110011101011111 4.890625
101101000111010111000100011010 2.015625
000000001110111010001010111100 6.812500
111000101000011011001010011100 0.812500
110101111101111001111001001100 1.078125
100010011000101101110010001101 3.140625
111001111000000100011010110110 0.640625
100111000010111101101011000000 2.671875
001100010100001100100000111101 5.500000
010100000110010010010110000100 4.656250
011010011011110110110011111010 4.031250
011100011010101100000111011101 3.796875
000110110101011010110110110010 6.140625
101111111000000111010110001111 1.718750
110110101111100101000011110101 0.984375
0.000000
1110001000100000100000111110110 1.578125
0001011110100000011110110111101 12.375000
1110100110111011000100101111100 1.187500
0000111000110110101110001101001 12.890625
1101000110000011001011010101000 2.500000
0110101000111000011101010011010 8.015625
0100101001000011100010001101110 9.906250
1101110111001101100011101011010 1.812500
1101001010000110001110011001110 2.421875
0000111100111010010111101011010 12.828125
1010101110010100110010100101001 4.484375
1011100101110101100001100000111 3.750000
1100001010100001111001011011100 3.250000
1111100101111100101000100110101 0.328125
0101100110001101001110000001110 8.812500
0111111110010111100111010011010 6.859375
0100101110100000001111011100010 10.109375
1000000001110101101011111011100 7.328125
0011111110001110001100010001000 11.406250
0011100100100001101001100110111 11.375000
0.000000
00000000010101111010011110101110 28.125000
10100001011101100010101010011111 10.343750
00001011111111011001000101101100 27.093750
01001100111100111001110100100000 20.125000
01100011111000110001100101101100 16.593750
10010010100101110011111111111010 11.656250
01111110110100010000011001100000 13.703125
00100101001000111101111100000110 23.875000
00011101000000000000110111100110 25.734375
01110101000001000100011101001001 15.406250
10011110100110000001010100111110 10.656250
00100001101010010111010111101010 24.734375
10000010011011100110000010100101 13.515625
11011001001101101111011000101101 4.203125
10101001111010010101010010111010 9.343750
01001000010111100011000111111000 20.531250
10001101010111010110111111000000 13.015625
11100100000100000001010100000000 3.093750
00101011111101010001101011001110 23.531250
10110001110101000000011100111011 8.812500
