0.000126
1100001110 0.000003
0100010001 0.000002
1000011000 0.000002
0001101101 0.000002
1100001011 0.000002
1110111100 0.000003
0000010111 0.000002
1010111110 0.000002
0011101010 0.000003
0111001100 0.000003
0101001000 0.000003
1101000001 0.000003
0111110110 0.000004
0010001110 0.000002
1100011101 0.000002
0000101100 0.000002
0011011100 0.000003
0010100001 0.000003
1111101100 0.000003
0001111011 0.000002
0.000016
00011101110 0.000003
01101001110 0.000003
00100101011 0.000002
10100111011 0.000002
11000011101 0.000002
00010101100 0.000003
01110011110 0.000003
10001111000 0.000003
10111010011 0.000003
11101010000 0.000003
00100111010 0.000002
01000000111 0.000002
11010000001 0.000002
10010001001 0.000002
01111000110 0.000003
01111111111 0.000002
10001001010 0.000002
01101110000 0.000003
10000101011 0.000002
01001100010 0.000003
0.000021
101110010011 0.000003
000101111100 0.000003
111100011111 0.000002
110000100100 0.000002
001100101100 0.000003
000100010100 0.000003
000101101011 0.000003
011010000000 0.000002
010001110100 0.000003
111000110110 0.000002
111101101101 0.000003
110101100011 0.000003
111111011001 0.000003
110000110010 0.000002
100011101101 0.000003
001111000111 0.000003
001110010101 0.000003
110101011101 0.000003
100010111010 0.000002
010111110111 0.000002
0.000039
1101000011100 0.000003
1100101010111 0.000003
1111101100111 0.000003
0000110011011 0.000003
0011010100010 0.000004
1011000110001 0.000003
1001101111011 0.000002
1111100001010 0.000004
1001101011111 0.000002
0001100011101 0.000003
1010010110100 0.000003
0001000010110 0.000003
1000111110110 0.000003
1100100000111 0.000003
1110111010000 0.000004
0000010101111 0.000002
1001011111111 0.000002
1110010011010 0.000004
1111111110111 0.000003
0111000110100 0.000004
0.000040
10100111101010 0.000004
00010001011100 0.000003
11011011110111 0.000003
00010100101101 0.000003
00011011101011 0.000003
10110101001000 0.000003
11111110011111 0.000003
01000010111001 0.000003
11110100000000 0.000003
01011111011111 0.000003
11101111111011 0.000003
00111010110110 0.000004
01001010101110 0.000003
10110010111111 0.000002
00010000111110 0.000002
11011101111101 0.000003
00001111110010 0.000004
11111100100000 0.000004
00100101001101 0.000003
01001101111010 0.000003
0.000065
000111101100111 0.000004
111101100011010 0.000007
010101001010110 0.000005
111010110100011 0.000006
001001001111011 0.000003
000111110001100 0.000007
010010011110111 0.000002
011010111111011 0.000003
001010001100111 0.000003
001100111100111 0.000003
111001101001000 0.000006
100001010001011 0.000003
101100011001000 0.000004
111011001011110 0.000004
010110000011010 0.000004
000100011100101 0.000003
111011100101101 0.000006
000111100001000 0.000006
100000011001101 0.000002
011110100111100 0.000006
0.000100
0101000110101110 0.000005
0000100110000101 0.000005
0100110001111011 0.000003
0011001001001010 0.000005
0100001001010110 0.000004
0100110001100101 0.000005
1111001001100011 0.000006
1011110111001101 0.000006
1111010110110101 0.000005
0111001111110111 0.000003
0011101000001011 0.000006
1100110100010110 0.000007
1111100101110010 0.000007
0110010010101111 0.000003
0110111010100010 0.000007
1100010101101110 0.000004
0000011001000110 0.000004
1011000111011011 0.000004
0101111011010010 0.000007
1111010011000010 0.000006
0.000131
00100010100011110 0.000004
10100100101110110 0.000003
11101101100011101 0.000007
11110001111011011 0.000004
10101001110001001 0.000007
00010010111001110 0.000004
11101010001100010 0.000007
00010100001000100 0.000005
00010101001001111 0.000006
01001111000111001 0.000010
00111100100110000 0.000007
01001001001111001 0.000006
00011010001000011 0.000006
01101001001001101 0.000007
11110101010100011 0.000009
01001011000011100 0.000009
10011111111101111 0.000003
00000011110101000 0.000006
00111100100011101 0.000006
01100000010110111 0.000003
0.000174
000001111110110111 0.000005
001110001011111011 0.000003
010001001101011010 0.000005
001000101100011110 0.000006
111101110001111000 0.000008
000000111100101010 0.000008
100001010101001101 0.000005
001011001000110011 0.000006
101011001101101011 0.000005
100001101010011001 0.000007
101011110010010010 0.000009
100100010110001001 0.000005
000101001111000111 0.000005
011101010011010111 0.000004
110011110101101111 0.000004
011110001111000101 0.000006
000100001110011010 0.000005
001010100001101111 0.000003
111100011110100101 0.000007
111000011001001000 0.000007
0.000277
1000010010100101001 0.000009
1111001101101011110 0.000010
1000110111010000010 0.000023
1000100011111000000 0.000013
0110011011001010010 0.000025
0111001100110110011 0.000017
1010010111101010000 0.000019
1010001001101100001 0.000007
1100010001110010110 0.000005
1111110101110100101 0.000017
0011011010000110011 0.000020
1100111111010101111 0.000008
0111001000010010010 0.000012
1001110011011000011 0.000016
0100110001100001101 0.000008
1001000101111011111 0.000003
1001100100010010110 0.000010
1000001111011011111 0.000004
0001001010011111110 0.000007
1001110011111100001 0.000013
0.000409
10110000001110100011 0.000004
11001111001111100110 0.000012
10110101000010101011 0.000008
01100100101000010000 0.000009
00001101001101111010 0.000007
00110010111010110111 0.000007
11101111111010011101 0.000012
01011111101110110001 0.000015
11010000010000010011 0.000009
01111011100010010011 0.000016
00101011101101100111 0.000009
00010011011101011101 0.000007
10101111111011101110 0.000012
01111110100010110101 0.000012
10100000111010011000 0.000011
01111101010001001101 0.000016
00101000101011010100 0.000009
01010100101101000000 0.000009
10100101110111100101 0.000013
10111101010100100010 0.000015
0.000579
101000011101010111111 0.000007
001001110100111110010 0.000029
111000111110010010000 0.000032
101011100001011110011 0.000013
101000101110111100111 0.000011
010100100110011110110 0.000012
101110111111101100000 0.000041
000010001100001110010 0.000021
110010001100011010001 0.000024
010100010000001000101 0.000026
100101011100110101110 0.000033
010101000110010111110 0.000015
110010011001001101001 0.000030
100111100001001011011 0.000020
100010110101100110111 0.000021
101000110110001011000 0.000030
111100110010000101001 0.000022
111001000101000001001 0.000018
110011001001101111100 0.000014
000001001110001101011 0.000018
0.000955
0110110111001110101111 0.000013
1000011000101100001011 0.000021
0110100101000001101101 0.000025
0110011000011001111011 0.000007
1101011111100101000010 0.000082
1001011111101101110011 0.000030
1110110011011010110100 0.000036
1011010010011101111110 0.000007
1010011001011111001111 0.000007
1111100011011110001101 0.000024
0100010011101101011101 0.000023
0001010001110000101000 0.000041
0011110001011010100111 0.000018
1100010000101001100011 0.000014
1111101001011101100101 0.000024
1110001110111101110000 0.000049
0100010100110110111000 0.000032
0101010001111101011101 0.000017
0100001100011111110011 0.000007
1011101111000111011001 0.000046
0.001561
11110010111101100000011 0.000076
11010101011101011100110 0.000054
10011110000011111111101 0.000006
01010001010011101011010 0.000024
00000010011000010111110 0.000033
01100101111101101011110 0.000033
01000001010111000000100 0.000028
10001111011101000101100 0.000074
11100101001010110101110 0.000033
00110000010010111001010 0.000020
10001001111110100010101 0.000064
01010110010101011000110 0.000039
11110110100110001010110 0.000045
11011011101111010100001 0.000070
00100110110011001101111 0.000021
01000110010011111100001 0.000028
11010110111011100100101 0.000071
11101110100111001101001 0.000040
11111111100000001100100 0.000063
00000001011011011100010 0.000039
0.001883
110010010000011101001111 0.000008
101100011000100000111110 0.000024
110111100000010001110110 0.000027
011010100011100011110000 0.000071
000010001110111110111010 0.000020
000110101010111001001000 0.000053
010011100111101100100101 0.000084
000101011111100000110111 0.000078
010110011001011110010100 0.000063
111111110111011000110010 0.000108
011110000111011111000100 0.000079
111001000101101111100110 0.000033
101100001010000101100101 0.000035
011010110101111010100100 0.000079
010000000111001110011101 0.000042
101011101010100110010011 0.000063
101001000101110101011000 0.000053
100010101101110100010001 0.000077
000110100001010101110101 0.000031
111011111101010110011001 0.000094
0.002974
1000010000101111110111011 0.000006
0001000111100001101001100 0.000093
0111100110111100000010001 0.000150
1001000011101100010010001 0.000100
0011110001000010000110100 0.000064
0001100000101110011001110 0.000019
0010010011100000100001101 0.000076
1000000011111011111011111 0.000010
1001001000011011100101010 0.000037
1110100100010110111100011 0.000043
1100011000110010000000001 0.000064
0101000101000110100101101 0.000032
0110000110011000010110101 0.000059
1100101101101000011111111 0.000029
0001011110110011101010101 0.000105
1101000101000010100011101 0.000040
1111100111110001110100100 0.000146
0010010110010101010010010 0.000084
1011100001010000011000100 0.000068
0010111110011010111110010 0.000081
0.003280
11010011110010010110000010 0.000084
11101110110111111000011011 0.000068
00101110101111001110001000 0.000108
11100100111000000000011110 0.000068
01010000101011111111000011 0.000035
00100110100110011001000100 0.000074
00010111111011010111100001 0.000109
00100110110100000110011111 0.000052
11111111001000000001000110 0.000058
11100011100110011011100011 0.000077
00000111100110010101100001 0.000105
11011010110110000000001110 0.000088
11011001000000111000100110 0.000025
11010011010000100100110000 0.000044
01100001101001101101111100 0.000030
01110011100000101011100110 0.000042
00101011101010101001011001 0.000099
10110001010101111101001010 0.000049
00111111111110010101100011 0.000128
10010001101100111010110101 0.000052
0.003811
101010100011010100100000100 0.000119
000000101001010011001001011 0.000056
100111111110101110100010000 0.000243
101110111111110011000001011 0.000174
100101110111010110011000011 0.000144
101100010011101101111111100 0.000053
101111010001001010101011001 0.000102
001001011000010001001101100 0.000073
000011010011011100100010100 0.000131
100110111010011100101101100 0.000123
010111110010000100100111010 0.000132
110011101001100000000011010 0.000166
101001100010100010001010110 0.000130
100010001100110010001000011 0.000123
001100010111010000011101010 0.000152
010000011101011001001001011 0.000107
001011000000110011101111110 0.000022
001011011110000101110010011 0.000154
001111000100100111001110111 0.000055
011101010010011001000101001 0.000099
0.003838
0100101010011001010101100101 0.000090
0011011111111101010010111100 0.000130
0100100011000111011010100000 0.000072
0001101011110100100101101000 0.000157
1100010100110101010111111101 0.000028
1110111110010110110110111110 0.000038
0110011101110111100011110111 0.000039
1101001101010010111100110111 0.000023
1111111111011101111111001001 0.000077
0100100110001011010100100000 0.000061
1011100100111110001100100110 0.000159
0101001101000111000101000011 0.000086
1001101011001011011101110110 0.000035
1101101001110010000010001001 0.000087
0001110100000011000010110110 0.000025
0001100101001100100101110011 0.000099
1000010111010111001010000101 0.000137
0011110010000101110110110011 0.000043
0000001000011101100101000011 0.000096
1110011100101000101111110110 0.000056
0.004716
00011010101111000010010011111 0.000200
11110101110010111011000100011 0.000153
01100000011001101111101001001 0.000090
00011110000000000110000101110 0.000054
11011111000001111001011011100 0.000050
10110001101011100011101100101 0.000131
11111101100000011000011001100 0.000052
11010111101010001001111011000 0.000123
01001110011010010110101100101 0.000107
10100110110001010000010000101 0.000091
10010001100001100111110111111 0.000005
01111110111001111100110100100 0.000155
11011000011101010110000011000 0.000146
10010111101100000110101110101 0.000094
00110111110011011000111001001 0.000164
10011000100110110100010101110 0.000078
01111001100011010011100111001 0.000111
11000001110001111011110010110 0.000053
00001001100001100011011000111 0.000041
11011010100101011100011011101 0.000071
0.005098
011001100010111110001010011101 0.000150
110010111010010101100001010000 0.000106
011101001011111001001001111101 0.000146
011111111010100110101101101100 0.000116
011011001011110011100001000100 0.000169
010010000110111110011101011111 0.000036
101101000111010111000100011010 0.000141
000000001110111010001010111100 0.000179
111000101000011011001010011100 0.000113
110101111101111001111001001100 0.000223
100010011000101101110010001101 0.000099
111001111000000100011010110110 0.000045
100111000010111101101011000000 0.000179
001100010100001100100000111101 0.000060
010100000110010010010110000100 0.000074
011010011011110110110011111010 0.000075
011100011010101100000111011101 0.000121
000110110101011010110110110010 0.000157
101111111000000111010110001111 0.000034
110110101111100101000011110101 0.000136
0.007206
1110001000100000100000111110110 0.000032
0001011110100000011110110111101 0.000030
1110100110111011000100101111100 0.000201
0000111000110110101110001101001 0.000191
1101000110000011001011010101000 0.000085
0110101000111000011101010011010 0.000112
0100101001000011100010001101110 0.000065
1101110111001101100011101011010 0.000155
1101001010000110001110011001110 0.000117
0000111100111010010111101011010 0.000161
1010101110010100110010100101001 0.000146
1011100101110101100001100000111 0.000185
1100001010100001111001011011100 0.000024
1111100101111100101000100110101 0.000234
0101100110001101001110000001110 0.000131
0111111110010111100111010011010 0.000194
0100101110100000001111011100010 0.000069
1000000001110101101011111011100 0.000046
0011111110001110001100010001000 0.000180
0011100100100001101001100110111 0.000026
0.008413
00000000010101111010011110101110 0.000131
10100001011101100010101010011111 0.000129
00001011111111011001000101101100 0.000341
01001100111100111001110100100000 0.000247
01100011111000110001100101101100 0.000265
10010010100101110011111111111010 0.000060
01111110110100010000011001100000 0.000142
00100101001000111101111100000110 0.000151
00011101000000000000110111100110 0.000032
01110101000001000100011101001001 0.000068
10011110100110000001010100111110 0.000110
00100001101010010111010111101010 0.000112
10000010011011100110000010100101 0.000222
11011001001101101111011000101101 0.000134
10101001111010010101010010111010 0.000220
01001000010111100011000111111000 0.000221
10001101010111010110111111000000 0.000273
11100100000100000001010100000000 0.000069
00101011111101010001101011001110 0.000296
10110001110101000000011100111011 0.000128
0.012437
111001001011111110000011100100110 0.000514
101110110001111011111000001011001 0.000391
011001011101000100011101100011000 0.000304
011110100011001100110110110111011 0.000118
100101101101101010011010000110010 0.000379
011100010010010100110110000001101 0.000228
111101110010100101101110100010111 0.000219
110011101111101111010010000000101 0.000505
010000001110101111100110110110010 0.000303
011100011000110101110010011111111 0.000050
101000100001010100010001100110000 0.000224
101011001010010111000100011010100 0.000309
100100101111010101001010010110001 0.000431
111110110001001110100000011011010 0.000334
001100100101100101111100000100110 0.000284
100010101111111011001000111101111 0.000155
010010101100101000001110100000000 0.000192
001111011100100101001110111001100 0.000326
111100010011000011011111110100100 0.000088
110011001101000110100011100010001 0.000268
0.018780
1001001110011011011000001100101000 0.000520
0100100110011101100100101011101001 0.000623
0010100110000101001001100001011101 0.000205
0010010011001001100000100111101011 0.000355
0010011011110110100111001100010010 0.000660
0000101011001101001010000001101100 0.000387
0111010101111111111100111011000100 0.000889
1111101011100111101100011111101101 0.000367
0011110000011011111001111001100110 0.000437
0110100111101001011101110000100000 0.000392
1000111100001110001010101111111011 0.000075
1110001010111010111001110011111111 0.000108
0101100000111010111101110110000111 0.000225
1001000111111100000101011111010111 0.000158
1000011011111001000101110000001100 0.000524
0000111001110110001111011100101000 0.000473
0100111110000011111001111010011111 0.000108
0010101001010001110111110001000101 0.000331
0011011001000111110011011001011000 0.000551
1001011010010001001001101110000010 0.000238
0.028885
10011000011000100100000101011001011 0.000289
00110011000101001010110100010000100 0.000531
00011101010000100100111111111110001 0.000099
00011001011111101001010000100111011 0.001079
00001000101101110001100101001001110 0.000707
00100101011110110001111010001100010 0.000934
11011001110101100010001101001000100 0.000681
10101000010000000010100111000101010 0.000207
01001000110000000010110101110110001 0.000102
11011011001111001101001010001011011 0.000892
01110001100001011000001111101010100 0.000652
10110011000111000110111110011010010 0.000327
00110001011001001010101101100100110 0.000524
10110001101101111000111010111000101 0.001205
11100001011010110000000111000100001 0.000603
11011011001111101110110011101100010 0.000985
01011010001101000101010110111101111 0.000064
00100001111100010011001101101101001 0.000454
00000110110011100001100011000000100 0.000560
00101000110001111001100110110110111 0.000368
0.036913
100111000010111011110011110111001111 0.000284
111010111011110110000000010111001010 0.001641
110001101000110100010000010101001110 0.000654
011110001101010111110111110001001010 0.001168
110001100000011100000101111101001010 0.000381
011001100001010000100110111110111010 0.000084
000110000010101110000001001001100000 0.000563
110110100010001101010101011001011100 0.000769
111100101011001010100111111000110000 0.000866
000111100101100110101101000000101011 0.000956
011011111011000101100110000111010010 0.001203
101010101000001101101111010111010011 0.000326
101100110001111110101000000101010001 0.001292
010010101100000011010011100110110001 0.000572
110101000011110010000101001100111001 0.000723
111110000010101000110010001000001100 0.000389
010011111001001001011100001001001000 0.000698
010001100100000011100000110101011000 0.000478
101000110001000001010011100010100110 0.000355
000001000000100001111010011001001011 0.000124
0.059355
1110000110000000010001000101101100110 0.000530
1100101010010101001011010000011110111 0.000553
0100000011101011011100111001101000111 0.001132
1010111000010001110101001110000110110 0.001430
1111110100100101011110110000111111010 0.000799
1010000100101110011110000000000011010 0.001272
1000010110011100111101000100000101111 0.001595
1111000110001101111101011100101010100 0.001911
0100100110011110001010110010111011000 0.001014
0111001000111000001000110001000111000 0.000681
0101111010110110100101000110010000111 0.002022
0000100001101011101000111101000000100 0.001378
0110010000101001100000100110001110101 0.000879
0010010110011101010100100011010101000 0.001818
0100011010110010101110000100101001100 0.001213
1111000000101011010000011101110010111 0.001093
1000111001110010101100111011101110010 0.000793
1001001000001000001111010001001101010 0.000271
0011110100100111011110011100010111101 0.000764
0111111101010110100111100011001101000 0.002063
0.078838
01000110001110011101100101100101011100 0.001837
01010010010111010001110100000001110001 0.001355
00011010100010010010011101110111101110 0.000290
10010100000001000001110010111111101110 0.000019
11001000100101000101111100011101011110 0.000271
11101010111111101110011011000000101111 0.002407
10010110101110000011101011000100011111 0.000882
10100100011011111110010001010100001110 0.003277
01010000100011010100010010000100001010 0.001101
10110000101011000010010001000110100010 0.001358
11000110100010010000010010101110111100 0.000493
11011100011010100101010001111011010100 0.001366
10011001101011011011000111110111010011 0.001050
10001001110111000010101111100101101001 0.001211
11100100010001010011001100011100111001 0.000943
11011100110100110101001011001001101101 0.001656
11000011011111001110111000111111111110 0.000604
11011111100000010010001000000001001011 0.001210
11100011111011101100011110111100001101 0.001583
10010101111011001100000111100000001101 0.002398
0.127309
111001011110111100111100100100000101001 0.004558
110011101011111101001011110010100110100 0.004254
011000100001001110010111011111000011000 0.001355
000010001111010101100101111011001100001 0.003601
100011101100010010101010001110011110011 0.001759
010010000110100100101001101110001000101 0.001850
110101011000101111111111010100111010110 0.001884
100001100101111011111010111110100111100 0.001715
111010101010011111001010011010001010110 0.004109
011110010100010011110011100010000000110 0.002953
010000111010111000100010011010110101110 0.002523
111101111111101010100001101011010110001 0.004506
001111101111011111111010110001111111100 0.001199
100000111011011010000011000001000100000 0.001913
110011000000000001101010001110001010101 0.001031
110111111011110001100111111000101000110 0.004610
101001101110111001100000110101001011000 0.004460
101100000000000100110100010010010011000 0.001319
100111111110011010111010101000110101111 0.001990
101000011001111110100110011111001010111 0.002010
0.167635
0011101001100100000101101110111010101101 0.000739
1010100101101001000000110101101110011001 0.001158
1001001111111101101010000010111100110010 0.005866
1010111000111101110110100110110011110111 0.001662
0001010110010000001110111000000110011011 0.002235
0111101100001011001100000101111001010111 0.003245
1101000111111110010111100001010110110111 0.002466
0001011110001101101100010101101001100000 0.004972
0100101100000101001011110011100000001010 0.001965
0011111000001001111111010000000011011101 0.004964
0001010111011011011001111011010100110011 0.003071
1000000111101100011001011111010110010110 0.002621
1110110010001010100101001000011100000110 0.002649
1010000010110101000110011000000110001100 0.002457
0100111101101100000010101100001011111110 0.000965
0000001110111010011110011110001001000011 0.005831
1101000100110110011000011111111001010110 0.002167
0111101010001100010111010111010111010111 0.000820
1001011010000011101010100011000001111010 0.002975
1000111010010001100111010101011011101011 0.001201
0.263887
01101101101010000111101000011111010101101 0.004220
10011110011000111011001001001001011001000 0.007565
10110101000101111101111110111110110101011 0.001435
01100110100101101100100100011000000000001 0.004298
00110100100101111011000001101000000101000 0.006378
01011111001101110110001111001000000100110 0.008914
10101101101000111000000101010100100111010 0.004228
01001110111101010001101001010111011001100 0.005233
11101101101001111111110010110111010111001 0.003816
10110111111111100011000110010000110101001 0.009203
00110010010110110100111011010101010101111 0.001380
11011110100111101100000100000100101010000 0.005254
00011101000011000011011101110010001000111 0.003617
01001011101110101110101011100111110111011 0.001571
11011010101110100111010011010100000010111 0.008395
00011111111101011111111001000010011010110 0.008675
01011011100111111000111111110101011110100 0.002263
10000110010000111110101111001111000110010 0.006166
01101001010001110111011111111100011000011 0.004733
00001001101101110111011101000010110101100 0.009333
0.362700
100101000000110110111111100011111001101000 0.007795
101001101101001111111100111111011010110010 0.005904
000111101111011001111111010011111111001100 0.005349
100000001001001010001010000101111000110100 0.003135
000011100010101000001100000100000111100101 0.003903
100111111100100100100111011110100111110001 0.002517
000001110001111101010100001101001110010101 0.008988
100110000110001111010101101001010011001001 0.007952
011010100011010011111010101010101010010111 0.008271
000100111010011111000110110100010111011111 0.002449
000000100110000011100100010000101001110000 0.003775
110100000110110000011111011111000111001000 0.004627
010101100101010101101110100011100010001110 0.009683
001111000010111100000001000011001111101110 0.004072
011010010100100000101010100010000010000001 0.003535
111100100110011011001000101011111110000100 0.009113
110000100110111011001011011100110001000010 0.009571
011100101001001001100010001111110111010101 0.002118
101010000011100001111001001001001000110001 0.007535
001011110101111101111110001010010111101110 0.005828
0.568692
1101010100110011111001010110000100100001010 0.014248
0110111101101010010010110100101101101000000 0.013961
0010100111011010000110111100110001001000011 0.012682
0001101010001000000011011010100111010110101 0.001479
0010011001110001000001110111100011101011011 0.001128
0110110001000100011101101001000011111011000 0.007191
0001110101010000000100010001110100101001010 0.005135
0100100010100001000111000000100001111110000 0.006803
0100000111000000001011100110100101000001011 0.004523
1110011000101000000100000001010101001000001 0.005970
0101011000111001010011011110100101001001111 0.006726
0100000001010111001100000110000101010111011 0.009369
0101101000000011010010011111011011110110100 0.002997
1001100111111011011100010110001111000111011 0.011644
1001110110011100011011100111011011000101100 0.012829
0010110100101000101111001100101111111000011 0.008303
0001111101101010011000001000110100110110010 0.013403
1010010000100011000110101110110010100100010 0.006913
0101111001111010110010011110011011110001010 0.013826
1001011010000111111000000100100111100110111 0.011417
0.771707
01101011001011010111100110010010111111101010 0.011283
10000010010101110001011101101001011011001001 0.011956
00100101111001001000110110000010011101101110 0.013836
00110001010110101011010011101100001100010001 0.020762
10011110011010101111011101100110111110010011 0.008975
11110010111011011001011011110101011101101101 0.005860
11110011100010110010110001011000110010010001 0.019014
10110110100000100001101010010010101100110110 0.006227
00110111000010011100000110011001001011100010 0.009121
11111010110111010101111010010010010011000011 0.028772
01110100100010101000101001011001010110011111 0.004233
01011101001000011111011011101010011001100000 0.023299
00011101111110000110011001001000110011000111 0.019981
11100000111100010011011001101010110111011111 0.003475
00011101010110001000101110110111100000000100 0.010633
10001010100110111110010110010001110110111000 0.021770
00010111000100000110010010111001101011100100 0.009101
10110011100010010101000010100100001111111001 0.009623
10010001110000001010110011101000001011000110 0.012955
00010011101101011001100010011111000000100110 0.023523
1.220548
101100101101001111000111110110001110000011000 0.029182
101110100110011111100110011111101100101011100 0.019660
001011001011001001001111000111111000011000101 0.020878
011110011101100110001010001010011010101101110 0.018952
100001000010000010000111110100000001010001111 0.007134
111000001100100000110000100101010111010010100 0.010916
110100011000001000101000000001001011010100100 0.013291
001110101101001010010001000100110000001001101 0.019143
010001110000011111100011111101010011110001000 0.019391
010000101000000011000111100011010111001011110 0.003053
011100100110001111100100100111110010011100001 0.031885
011100011001000110100011011001110000011010101 0.009665
001010011000101101001111000000010000010110001 0.024172
111101001000000011011000100101000101110100100 0.017233
010100010111101001000111000011000011100011101 0.020709
111110100011110111110110111000110110100111111 0.009511
101101110110011000001001010100010110111110001 0.013078
000110000110110110110100100000000001100111010 0.032687
000111001011101110010011011110010001000110111 0.020427
000010011011111100001010011111101011011001101 0.008994
1.701094
0101001011001010000101100111101100110100100110 0.027252
0101101111111011010111101101111110101010110011 0.016754
0000100110000000110110101101100001000110111100 0.023004
0010101001001001000010100110110101101100001011 0.011538
1010001001101010010100101101011110111111001100 0.009300
0100011001000111110011010110100101011000101100 0.037819
1100011001010100101110101001011100110100101001 0.036168
0001111001111100110110110111100000011011000110 0.048942
0010011011110001110010000100000101101011100101 0.031341
1100000000100100001111010100000111000000110011 0.017694
1110010100000111111000001110110110110010011111 0.007756
0011011101011001110101011000010001100101001100 0.041398
0110111011001100111010110000111110101010011100 0.037083
1100011111010100001011010100000110010100011110 0.030356
1001000111011000111101110000111001101001011010 0.044395
0100010010000000001000001001010001011001100000 0.010748
0101100110111111101001101001010000000001000101 0.036093
1010100110001011111000011110011011110010001000 0.026756
1111000101110111101011011101110010000100101111 0.029363
1111110101011111100000111010100111111000001110 0.028457
2.728653
10110010110010001110100101111010001101000010100 0.046535
11110111010000110110001111100010011110011011100 0.032018
10111101101100100001111101101001110011111010111 0.015157
11011110100100000101101110011010010000000000101 0.044321
11001110011101001010011001000101010110101000101 0.061012
11000001100100000100010001001010111110010010001 0.017987
10100011100111111111011001010010010001110000011 0.088009
00100111111000010100110110011110011101000000010 0.049957
10010100100111110010001011011011011101011111011 0.007477
10000101001001100001001011011001100111011100010 0.018153
00011001000011000001011100111110101001100111011 0.013356
00001100111001111100001111100101011011110000100 0.048108
10011100100100011101010101100111111001110100000 0.037144
01010000110110001000110100100110000001000001011 0.036592
01000100101000000110111010000110011001111001011 0.039404
11101101001010011011011001000110010000100101110 0.067711
01000100111000110110011111000001000101101100101 0.058285
10111011000111111001010000101110100110001001111 0.051909
11010100101011010110111101010011111010110101110 0.026416
10000111001011110001111011001011110011110111011 0.014883
3.668760
111001100110011000101000100001001001000110110000 0.030953
001011011000110110110111110101110100011101100110 0.059493
111001111100011111011101010111110101011011110111 0.033114
111101000111110001100111110011100011100110100100 0.084472
010110111000000000011001010110110100010101001010 0.032714
001000110110110011010111001100100101011000000100 0.076208
111010111000000101110000011100110011011110111010 0.012348
101000001000010001100101000000001011000001001111 0.040510
001111000101100101111111100110010001001000111011 0.107199
010010111011011000110101111110101110111000111001 0.030356
111000101011111111111000000000100010100000111010 0.076909
100100101001010010000100111010011001010101101001 0.017507
110101100110011101000110101101000100011011100010 0.064910
111101100111101010111110110111110001101101001000 0.092633
000000110001111011110101010011010010011110100100 0.085798
111101111010100110110011001101001010101101100010 0.079742
001100110111001110110011111010111111111010100000 0.050633
100011100111011000011001010100011010100110011111 0.038166
111001011010010000011100101100101101000110011111 0.020818
000010110000001000111101110011110100001110010110 0.053119
5.546308
0100110101100011011100001001000011000110100001101 0.073918
1100010100111110110001100101110110011011010101101 0.061359
1110010111011111010001001111001111001010011101010 0.057232
1001011100010010001010001101010000001000101110101 0.035525
1010011001000101111000000100101000001111011011110 0.032181
0111011000101010001011101000011101101011101000010 0.088266
0010000001100011101011101110110010111110000011011 0.061276
0011101001000010100100101010110100000101001000010 0.061385
1101101001010100010001001110011000000101010110110 0.036852
0000100011111001101001101011000001001001110000100 0.112385
1010001100111010110010111010010111101110100110110 0.063457
0111111010100101111000001001101111111001010001111 0.027817
1100110011100011101100101011000011010001011000001 0.099063
0110111110010100000110011110101000100011011110110 0.049310
1100111101000111111011101010011011010001100111110 0.078723
0100100001100010001101010001101010100001111110100 0.066729
1111010000000001011101100101010110001111001101000 0.101201
1000111100101000101101110100000001010000000100001 0.088057
0101011011100010001111101011000100011110001010001 0.126503
0001111101001001001010011001110111011011010000000 0.075498
7.379659
11000110111010111111100001110010000000011111000011 0.161970
10100011011001111001110000010110011110011111001110 0.061374
11100100111001101011001000011010100001010010001011 0.109199
00100110110101011101110111111111011001001001100001 0.153924
00001111111111001000100101110110001010100001101110 0.104351
01011101110011001010001001010111011110001101001101 0.043277
00100010111100011010010100100000111111110110110100 0.070344
01111001101011010100101001001111111001110110111111 0.014687
10110000100100000011010010110100000110000110111010 0.056396
11100001110100111011001110011001010011010001110110 0.161449
11110110100110111111000111111011011110011010011000 0.112389
00010110010010100100100101101111000010010110010110 0.055485
10011011011010001110001111010011100111110000110011 0.102345
11100101100100010010010100010100010100000101010001 0.064441
11111111100001010001000100110001011011011110110011 0.025106
11011111111110100100000100111110010010000111000101 0.093797
00100010100111001111010010011100010111011111001001 0.101393
01001100000001001101011101000110011000000101011001 0.105712
10001110000000100100011011110001001001010011000110 0.064792
11000110011000001110000101110100100110110101011000 0.055908
11.050440
110100011111001001101010111000011100111101100111101 0.089228
110011110010001010101101000001101011111100101011110 0.102016
000010111101010111001000001101110011100010010011000 0.147680
111110111100011100100110001000100001011111011000101 0.187058
001000100010011011100100110001010001001111101111011 0.091970
101100011101101111010001111010100001100111010110000 0.274062
101110010101011001100000000000011101110011010101001 0.083214
110010111110111110110100110000110100110000011101000 0.311072
011100111010100010001100110101111011110100100010000 0.142246
100111001010110111010101001111101100000100011011010 0.234655
011101100010010111000011000100001101101100101001110 0.143093
110101001001000111111011010011100011100011100001000 0.260402
110000100011001011011001010001100000110100001010111 0.180681
101010010101110100101110010010001110011010100001111 0.204964
100001001111011110111100111001110000001110101100100 0.334202
000101110111111010001101000110101111110001001110110 0.147191
101000100000001011101000001111011111010011111010101 0.013642
010100111000100101100101111111110100101111001110110 0.043524
000100010011111110001101010011011010101101001000111 0.189087
010001000011001110000101111100011110101111110000000 0.137045
14.738971
0111010011101111100100001001101000100000111100101011 0.186519
1011001101000111000010000010101111101010010111000001 0.056213
1001010011010010000111110010001000010101101001010010 0.214435
0000001011010101010001111010111100011110110101111100 0.090847
0010110101100101110000101100001111000011110111101101 0.127753
0001011010000101101000010000001010001000011111010110 0.100696
0010101110110000000011000000010110000000100110011000 0.102850
0011000100111011011001001100011101111100010011110001 0.228811
1000010001010001010101011010000000101101011101011111 0.115606
0101011011111001111001100111110011111001110101111000 0.127854
0111100001000000100010110010100001101011011101010110 0.052618
0111011100001100100111101111100100111010000011111011 0.184350
1001110001111011110110000101101000110100010101010111 0.245255
1010110111010001111100100101011100111110011110101100 0.126262
0011000100101110100100011011000001000000011010010001 0.150808
0001010111101011010101001010001110100100111001101111 0.124577
1111010010100100100000100001011101110111011100001001 0.030141
1111110001100101001111010101101001011010001110110010 0.277374
0100001101001101100011010110000011111100000000111010 0.263925
0110101101101100001000110000100010001110010010001111 0.139629
26.271984
01001110011001101010000011110111011110110100000000111 0.244777
10010100000100000010101000101010000000000000110001010 0.199054
01010111111101110010000001001001010001100111110101011 0.188128
01001100011100101010000001110001001011001100011010110 0.171576
11001001110011100101000011100001011111001010100101010 0.325939
01110000100111110111100000001101110110010100110111000 0.249871
10001000001101001011000100001100100011011000001001101 0.201562
01001101101000000000110111001011101011111000110101010 0.264926
11001001001000010000011010101000001100001101100100010 0.226492
11011000110101000010101110110100101010001110111100000 0.406754
01011000100000011000101011110001011111111010000101111 0.151422
11011110011110101010110101010000001101100001010011100 0.630330
01101100010011010001110010001101010111101111010111011 0.070176
10000110101111100111000010110100100000101001111111101 0.213162
10000001101001101110001100011011110010100111100110011 0.173608
11010001110010011111010001111110011100001111111100100 0.198498
10101011001010100011001111100111010011010011111000001 0.515910
10100011101000100110010111010100111011010011100010000 0.578413
10110011001000110111001100011110110111001010111001010 0.266270
10001101101000111011100001110001101110101101001111001 0.232153
36.305509
000011001011001010001100010010100100001110111101001101 0.261373
010000001111010110000011001100110000010000101000101000 0.385693
000010000100101011010000100111110011111001010110111100 0.090691
010001101111100110001100000001010100111101001111011101 0.165077
101111010011010011110000010101111001000000101000100011 0.505907
000111101000001001110100100010111111101011000000100001 0.367432
011000010111111001101000100001110010110000001111011100 0.439478
011100000110000000101011010100100011011011101100011110 0.182098
110110110111010011101001000101011111101001000001000111 0.469193
001010001010000111000100100111100001010111011100011011 0.117065
011011101001100011111001111110110011001001110111100110 0.394368
010110010011010110010100011111100111001100010111111011 0.133129
110111111010110010000001000111100110101111001110100101 0.099779
001110111101011011000100111111111000111111100010001010 0.472944
110101101101011000001010000001000011000010100011100000 0.224402
101101101000100100111100011111011110011101000001001001 0.495103
000101100000101011111010010111001011010000010011110001 0.474929
011101000101000101010000001100001011111100001011100101 0.123864
101000100110111011111010011111010110001110010011001111 0.351334
111101000001100011100011111001100011001010101011111111 0.214690
48.665309
1110110011010110101010101110111010111010111101111011001 0.214482
1101000111100111100011110101101111000111100101000101001 0.922693
1100101100100000001110010111110010110100100001110100010 0.635248
0100001000001011000111111010101111100110010111110000000 0.988206
0000011101110000101001101001001001011010111101010101010 0.391412
1000100110001000001000000001100110000001001111000010010 0.319858
0100010000100011101001000101011110100110000111111011010 0.179042
0100000100101101101111111110011000011000010110111001100 1.281924
1110011001001001111001011101111100010001111101100101000 0.862874
1000111100010001010001100000011011100000001010010011100 0.384430
1010010111111100100011011111011110001000010100100111000 1.205638
0011101100001101110011010111011100111000101010010001100 1.083465
0101000011110100000100000110011000000001010101100101001 0.412261
1000000110100101010000101101100110100110101001100101000 0.460324
0101000110101110000110001110100110011011001011101010011 0.588266
1000111110110110111111010001101000100111011101000100011 0.997494
1101101010111101100101001111000000000101000010111001001 0.967240
1010001111010110100011010000001000011111000010001101101 0.517205
0010000000011010110100010111000101000101110110110010111 0.461276
1101011000111111001101000111011111000010101010100111110 0.628531
61.975465
10011010010111101101010000000110101011010010010100000111 0.643655
01111000001101001010011010101111100110001010110110011000 0.804597
10101110111101110100100001101011110011100111000101000111 0.748073
10010000001111001010000001111100110000100101111101001010 0.652894
11011001011101001100010001001001001111110110100111011111 0.075188
11000101101000011001011111110010011100010000111111110101 0.855465
01001100100000011101011100110000100100000001001101100100 0.921374
11100101100001010000100000010111110011110111000000110001 0.210460
00010101000011011110010011001010100100011111101011000000 0.914905
10011101010110100011001000011010010011011001010000011110 0.628950
00010100001101000110001100110101101010110110010100111001 0.684556
11011110110111000010011111011001000101010100010010001000 1.005788
11110101011100111110100011101100100100111111111100010100 0.897938
01010100100011111010111100110001010010100000000000100011 0.938026
11000100010110110101110100010010010011111011111110010110 0.427663
00011011100100100001101101111100100100000101011001000101 1.177365
10010000001011000000011011001000101011011011010011001110 0.284601
01110010100001101100111011010111101000100011110100001110 1.219153
11011010101000110001010110110111010101011010000011010011 1.038689
01011001101000000110011011001100010010011001111100010111 0.502827
98.763763
001001010011011111111101011100101010010001111100010011010 2.490988
010000101011011101100000111111010111000001001001010101000 1.988736
001011101110010111011101001010001100000000110001001000101 1.578918
101010000000101000110101111111000100110011110010000110100 1.961443
010110100111101000101100100100111100000101000001100111000 1.348550
110010011011011101000010011001000101100011011101010100000 1.328497
010011000001110001110000011110010111010010111111010110000 1.118782
000000100011101110011011110011010010100110101000000100111 2.070153
000110011010000111110110011101011001100000010111101110000 2.352736
111101110111011010100000010100011000111000101011001111001 1.065449
000111100011001101100110100000111011100100111011010110111 0.444085
011101101001011011000000000100100110100000110010101110100 0.746901
000000010001010011001001010101110100111011001001111010010 0.774267
101011111011111001111010110111000001001010001100011001010 2.629440
000000111100000100111101011011001111010100011001010001111 1.272312
011011011000101010001000010110110100100101111111000101110 0.423072
110001110110000000001100011110001111011000101101101011011 0.527644
000110000001011000010000110001010110110111110010100011011 0.201712
110101110011111000110100110100110010011000100110100011000 1.946146
001100100010111001010000101110101101010111100000101100110 1.101813
