0.000125
1100001110 0.000006
0100010001 0.000006
1000011000 0.000005
0001101101 0.000005
1100001011 0.000004
1110111100 0.000007
0000010111 0.000002
1010111110 0.000005
0011101010 0.000007
0111001100 0.000007
0101001000 0.000007
1101000001 0.000006
0111110110 0.000006
0010001110 0.000003
1100011101 0.000003
0000101100 0.000004
0011011100 0.000005
0010100001 0.000005
1111101100 0.000007
0001111011 0.000004
0.000005
00011101110 0.000006
01101001110 0.000008
00100101011 0.000004
10100111011 0.000003
11000011101 0.000003
00010101100 0.000006
01110011110 0.000005
10001111000 0.000006
10111010011 0.000007
11101010000 0.000010
00100111010 0.000004
01000000111 0.000004
11010000001 0.000007
10010001001 0.000006
01111000110 0.000009
01111111111 0.000004
10001001010 0.000006
01101110000 0.000007
10000101011 0.000003
01001100010 0.000007
0.000005
101110010011 0.000010
000101111100 0.000007
111100011111 0.000005
110000100100 0.000008
001100101100 0.000006
000100010100 0.000006
000101101011 0.000005
011010000000 0.000008
010001110100 0.000007
111000110110 0.000005
111101101101 0.000009
110101100011 0.000008
111111011001 0.000010
110000110010 0.000006
100011101101 0.000007
001111000111 0.000009
001110010101 0.000008
110101011101 0.000007
100010111010 0.000005
010111110111 0.000006
0.000006
1101000011100 0.000013
1100101010111 0.000006
1111101100111 0.000009
0000110011011 0.000008
0011010100010 0.000017
1011000110001 0.000011
1001101111011 0.000006
1111100001010 0.000016
1001101011111 0.000005
0001100011101 0.000008
1010010110100 0.000012
0001000010110 0.000008
1000111110110 0.000008
1100100000111 0.000009
1110111010000 0.000017
0000010101111 0.000004
1001011111111 0.000004
1110010011010 0.000010
1111111110111 0.000007
0111000110100 0.000010
0.000007
10100111101010 0.000027
00010001011100 0.000010
11011011110111 0.000016
00010100101101 0.000009
00011011101011 0.000014
10110101001000 0.000022
11111110011111 0.000014
01000010111001 0.000010
11110100000000 0.000020
01011111011111 0.000011
11101111111011 0.000011
00111010110110 0.000018
01001010101110 0.000012
10110010111111 0.000007
00010000111110 0.000004
11011101111101 0.000009
00001111110010 0.000018
11111100100000 0.000022
00100101001101 0.000009
01001101111010 0.000011
0.000008
000111101100111 0.000024
111101100011010 0.000037
010101001010110 0.000023
111010110100011 0.000026
001001001111011 0.000008
000111110001100 0.000038
010010011110111 0.000005
011010111111011 0.000011
001010001100111 0.000010
001100111100111 0.000012
111001101001000 0.000039
100001010001011 0.000015
101100011001000 0.000024
111011001011110 0.000018
010110000011010 0.000021
000100011100101 0.000010
111011100101101 0.000026
000111100001000 0.000037
100000011001101 0.000007
011110100111100 0.000026
0.000009
0101000110101110 0.000022
0000100110000101 0.000030
0100110001111011 0.000011
0011001001001010 0.000032
0100001001010110 0.000016
0100110001100101 0.000020
1111001001100011 0.000031
1011110111001101 0.000039
1111010110110101 0.000037
0111001111110111 0.000026
0011101000001011 0.000038
1100110100010110 0.000037
1111100101110010 0.000041
0110010010101111 0.000008
0110111010100010 0.000045
1100010101101110 0.000019
0000011001000110 0.000024
1011000111011011 0.000017
0101111011010010 0.000039
1111010011000010 0.000034
0.000011
00100010100011110 0.000027
10100100101110110 0.000017
11101101100011101 0.000052
11110001111011011 0.000026
10101001110001001 0.000057
00010010111001110 0.000018
11101010001100010 0.000057
00010100001000100 0.000054
00010101001001111 0.000032
01001111000111001 0.000057
00111100100110000 0.000057
01001001001111001 0.000012
00011010001000011 0.000016
01101001001001101 0.000016
11110101010100011 0.000019
01001011000011100 0.000021
10011111111101111 0.000009
00000011110101000 0.000016
00111100100011101 0.000015
01100000010110111 0.000003
0.000005
000001111110110111 0.000028
001110001011111011 0.000011
010001001101011010 0.000019
001000101100011110 0.000018
111101110001111000 0.000034
000000111100101010 0.000033
100001010101001101 0.000016
001011001000110011 0.000020
101011001101101011 0.000015
100001101010011001 0.000026
101011110010010010 0.000036
100100010110001001 0.000022
000101001111000111 0.000020
011101010011010111 0.000019
110011110101101111 0.000025
011110001111000101 0.000027
000100001110011010 0.000014
001010100001101111 0.000005
111100011110100101 0.000024
111000011001001000 0.000031
0.000006
1000010010100101001 0.000038
1111001101101011110 0.000025
1000110111010000010 0.000062
1000100011111000000 0.000042
0110011011001010010 0.000054
0111001100110110011 0.000030
1010010111101010000 0.000052
1010001001101100001 0.000026
1100010001110010110 0.000015
1111110101110100101 0.000039
0011011010000110011 0.000049
1100111111010101111 0.000028
0111001000010010010 0.000045
1001110011011000011 0.000037
0100110001100001101 0.000024
1001000101111011111 0.000004
1001100100010010110 0.000033
1000001111011011111 0.000012
0001001010011111110 0.000013
1001110011111100001 0.000033
0.000008
10110000001110100011 0.000019
11001111001111100110 0.000045
10110101000010101011 0.000027
01100100101000010000 0.000055
00001101001101111010 0.000022
00110010111010110111 0.000034
11101111111010011101 0.000053
01011111101110110001 0.000061
11010000010000010011 0.000037
01111011100010010011 0.000062
00101011101101100111 0.000037
00010011011101011101 0.000031
10101111111011101110 0.000051
01111110100010110101 0.000048
10100000111010011000 0.000054
01111101010001001101 0.000062
00101000101011010100 0.000039
01010100101101000000 0.000053
10100101110111100101 0.000053
10111101010100100010 0.000077
0.000007
101000011101010111111 0.000034
001001110100111110010 0.000083
111000111110010010000 0.000139
101011100001011110011 0.000036
101000101110111100111 0.000035
010100100110011110110 0.000035
101110111111101100000 0.000125
000010001100001110010 0.000089
110010001100011010001 0.000095
010100010000001000101 0.000084
100101011100110101110 0.000076
010101000110010111110 0.000029
110010011001001101001 0.000073
100111100001001011011 0.000045
100010110101100110111 0.000044
101000110110001011000 0.000105
111100110010000101001 0.000092
111001000101000001001 0.000095
110011001001101111100 0.000035
000001001110001101011 0.000046
0.000009
0110110111001110101111 0.000101
1000011000101100001011 0.000095
0110100101000001101101 0.000099
0110011000011001111011 0.000020
1101011111100101000010 0.000232
1001011111101101110011 0.000132
1110110011011010110100 0.000127
1011010010011101111110 0.000021
1010011001011111001111 0.000037
1111100011011110001101 0.000082
0100010011101101011101 0.000094
0001010001110000101000 0.000150
0011110001011010100111 0.000053
1100010000101001100011 0.000072
1111101001011101100101 0.000082
1110001110111101110000 0.000155
0100010100110110111000 0.000094
0101010001111101011101 0.000060
0100001100011111110011 0.000019
1011101111000111011001 0.000146
0.000011
11110010111101100000011 0.000270
11010101011101011100110 0.000169
10011110000011111111101 0.000026
01010001010011101011010 0.000092
00000010011000010111110 0.000116
01100101111101101011110 0.000136
01000001010111000000100 0.000197
10001111011101000101100 0.000258
11100101001010110101110 0.000110
00110000010010111001010 0.000118
10001001111110100010101 0.000210
01010110010101011000110 0.000160
11110110100110001010110 0.000169
11011011101111010100001 0.000232
00100110110011001101111 0.000083
01000110010011111100001 0.000104
11010110111011100100101 0.000220
11101110100111001101001 0.000138
11111111100000001100100 0.000291
00000001011011011100010 0.000155
0.000015
110010010000011101001111 0.000029
101100011000100000111110 0.000113
110111100000010001110110 0.000122
011010100011100011110000 0.000306
000010001110111110111010 0.000094
000110101010111001001000 0.000264
010011100111101100100101 0.000327
000101011111100000110111 0.000316
010110011001011110010100 0.000251
111111110111011000110010 0.000404
011110000111011111000100 0.000305
111001000101101111100110 0.000132
101100001010000101100101 0.000177
011010110101111010100100 0.000308
010000000111001110011101 0.000166
101011101010100110010011 0.000243
101001000101110101011000 0.000220
100010101101110100010001 0.000323
000110100001010101110101 0.000113
111011111101010110011001 0.000354
0.000016
1000010000101111110111011 0.000016
0001000111100001101001100 0.000417
0111100110111100000010001 0.000594
1001000011101100010010001 0.000405
0011110001000010000110100 0.000422
0001100000101110011001110 0.000112
0010010011100000100001101 0.000452
1000000011111011111011111 0.000099
1001001000011011100101010 0.000215
1110100100010110111100011 0.000162
1100011000110010000000001 0.000508
0101000101000110100101101 0.000172
0110000110011000010110101 0.000295
1100101101101000011111111 0.000171
0001011110110011101010101 0.000374
1101000101000010100011101 0.000245
1111100111110001110100100 0.000565
0010010110010101010010010 0.000437
1011100001010000011000100 0.000478
0010111110011010111110010 0.000312
0.000023
11010011110010010110000010 0.000788
11101110110111111000011011 0.000507
00101110101111001110001000 0.000843
11100100111000000000011110 0.000590
01010000101011111111000011 0.000240
00100110100110011001000100 0.000743
00010111111011010111100001 0.000678
00100110110100000110011111 0.000368
11111111001000000001000110 0.000658
11100011100110011011100011 0.000524
00000111100110010101100001 0.000761
11011010110110000000001110 0.000836
11011001000000111000100110 0.000320
11010011010000100100110000 0.000545
01100001101001101101111100 0.000198
01110011100000101011100110 0.000287
00101011101010101001011001 0.000646
10110001010101111101001010 0.000315
00111111111110010101100011 0.000695
10010001101100111010110101 0.000381
0.000024
101010100011010100100000100 0.001083
000000101001010011001001011 0.000477
100111111110101110100010000 0.001409
101110111111110011000001011 0.001188
100101110111010110011000011 0.000946
101100010011101101111111100 0.000414
101111010001001010101011001 0.000623
001001011000010001001101100 0.000683
000011010011011100100010100 0.000925
100110111010011100101101100 0.000635
010111110010000100100111010 0.000867
110011101001100000000011010 0.001324
101001100010100010001010110 0.000979
100010001100110010001000011 0.000948
001100010111010000011101010 0.000945
010000011101011001001001011 0.000650
001011000000110011101111110 0.000106
001011011110000101110010011 0.000802
001111000100100111001110111 0.000305
011101010010011001000101001 0.000768
0.000029
0100101010011001010101100101 0.000939
0011011111111101010010111100 0.001438
0100100011000111011010100000 0.001072
0001101011110100100101101000 0.001766
1100010100110101010111111101 0.000632
1110111110010110110110111110 0.000798
0110011101110111100011110111 0.000892
1101001101010010111100110111 0.000339
1111111111011101111111001001 0.001145
0100100110001011010100100000 0.001118
1011100100111110001100100110 0.001585
0101001101000111000101000011 0.001046
1001101011001011011101110110 0.000499
1101101001110010000010001001 0.001373
0001110100000011000010110110 0.000511
0001100101001100100101110011 0.000983
1000010111010111001010000101 0.001474
0011110010000101110110110011 0.000336
0000001000011101100101000011 0.001113
1110011100101000101111110110 0.000549
0.000035
00011010101111000010010011111 0.001861
11110101110010111011000100011 0.001444
01100000011001101111101001001 0.000999
00011110000000000110000101110 0.001413
11011111000001111001011011100 0.000716
10110001101011100011101100101 0.001582
11111101100000011000011001100 0.001577
11010111101010001001111011000 0.001799
01001110011010010110101100101 0.001367
10100110110001010000010000101 0.002247
10010001100001100111110111111 0.000131
01111110111001111100110100100 0.001869
11011000011101010110000011000 0.002590
10010111101100000110101110101 0.001187
00110111110011011000111001001 0.002067
10011000100110110100010101110 0.001113
01111001100011010011100111001 0.001326
11000001110001111011110010110 0.000624
00001001100001100011011000111 0.000789
11011010100101011100011011101 0.000859
0.000047
011001100010111110001010011101 0.002788
110010111010010101100001010000 0.002931
011101001011111001001001111101 0.002921
011111111010100110101101101100 0.002159
011011001011110011100001000100 0.003856
010010000110111110011101011111 0.001719
101101000111010111000100011010 0.002575
000000001110111010001010111100 0.003113
111000101000011011001010011100 0.002164
110101111101111001111001001100 0.003698
100010011000101101110010001101 0.001746
111001111000000100011010110110 0.001021
100111000010111101101011000000 0.003614
001100010100001100100000111101 0.001456
010100000110010010010110000100 0.002225
011010011011110110110011111010 0.002142
011100011010101100000111011101 0.002246
000110110101011010110110110010 0.002754
101111111000000111010110001111 0.000564
110110101111100101000011110101 0.002440
0.000050
1110001000100000100000111110110 0.001809
0001011110100000011110110111101 0.000644
1110100110111011000100101111100 0.004014
0000111000110110101110001101001 0.004115
1101000110000011001011010101000 0.003679
0110101000111000011101010011010 0.003048
0100101001000011100010001101110 0.002264
1101110111001101100011101011010 0.003192
1101001010000110001110011001110 0.002823
0000111100111010010111101011010 0.003322
1010101110010100110010100101001 0.004201
1011100101110101100001100000111 0.004560
1100001010100001111001011011100 0.001041
1111100101111100101000100110101 0.005075
0101100110001101001110000001110 0.003915
0111111110010111100111010011010 0.003848
0100101110100000001111011100010 0.002712
1000000001110101101011111011100 0.000956
0011111110001110001100010001000 0.006517
0011100100100001101001100110111 0.000764
0.000060
00000000010101111010011110101110 0.003530
10100001011101100010101010011111 0.003653
00001011111111011001000101101100 0.007609
01001100111100111001110100100000 0.007805
01100011111000110001100101101100 0.006532
10010010100101110011111111111010 0.003338
01111110110100010000011001100000 0.006712
00100101001000111101111100000110 0.003486
00011101000000000000110111100110 0.002027
01110101000001000100011101001001 0.003181
10011110100110000001010100111110 0.002715
00100001101010010111010111101010 0.002673
10000010011011100110000010100101 0.006497
11011001001101101111011000101101 0.003497
10101001111010010101010010111010 0.005198
01001000010111100011000111111000 0.005320
10001101010111010110111111000000 0.006565
11100100000100000001010100000000 0.004509
00101011111101010001101011001110 0.005902
10110001110101000000011100111011 0.003025
0.000078
111001001011111110000011100100110 0.011297
101110110001111011111000001011001 0.008794
011001011101000100011101100011000 0.009825
011110100011001100110110110111011 0.003627
100101101101101010011010000110010 0.010972
011100010010010100110110000001101 0.008113
111101110010100101101110100010111 0.004779
110011101111101111010010000000101 0.013270
010000001110101111100110110110010 0.006589
011100011000110101110010011111111 0.002418
101000100001010100010001100110000 0.009620
101011001010010111000100011010100 0.009457
100100101111010101001010010110001 0.010788
111110110001001110100000011011010 0.009300
001100100101100101111100000100110 0.008538
100010101111111011001000111101111 0.004795
010010101100101000001110100000000 0.010744
001111011100100101001110111001100 0.007237
111100010011000011011111110100100 0.003085
110011001101000110100011100010001 0.009300
0.000093
1001001110011011011000001100101000 0.015500
0100100110011101100100101011101001 0.013778
0010100110000101001001100001011101 0.006204
0010010011001001100000100111101011 0.008781
0010011011110110100111001100010010 0.017057
0000101011001101001010000001101100 0.012699
0111010101111111111100111011000100 0.015419
1111101011100111101100011111101101 0.010296
0011110000011011111001111001100110 0.010715
0110100111101001011101110000100000 0.013436
1000111100001110001010101111111011 0.003826
1110001010111010111001110011111111 0.007816
0101100000111010111101110110000111 0.007641
1001000111111100000101011111010111 0.006924
1000011011111001000101110000001100 0.015226
0000111001110110001111011100101000 0.011025
0100111110000011111001111010011111 0.006053
0010101001010001110111110001000101 0.008442
0011011001000111110011011001011000 0.014331
1001011010010001001001101110000010 0.009013
0.000110
10011000011000100100000101011001011 0.012727
00110011000101001010110100010000100 0.022810
00011101010000100100111111111110001 0.002047
00011001011111101001010000100111011 0.021962
00001000101101110001100101001001110 0.018581
00100101011110110001111010001100010 0.023621
11011001110101100010001101001000100 0.025275
10101000010000000010100111000101010 0.014037
01001000110000000010110101110110001 0.007128
11011011001111001101001010001011011 0.017906
01110001100001011000001111101010100 0.019232
10110011000111000110111110011010010 0.007905
00110001011001001010101101100100110 0.014647
10110001101101111000111010111000101 0.020534
11100001011010110000000111000100001 0.024882
11011011001111101110110011101100010 0.018962
01011010001101000101010110111101111 0.002059
00100001111100010011001101101101001 0.010823
00000110110011100001100011000000100 0.023833
00101000110001111001100110110110111 0.009592
0.000125
100111000010111011110011110111001111 0.014429
111010111011110110000000010111001010 0.037993
110001101000110100010000010101001110 0.020045
011110001101010111110111110001001010 0.027318
110001100000011100000101111101001010 0.012089
011001100001010000100110111110111010 0.002236
000110000010101110000001001001100000 0.027037
110110100010001101010101011001011100 0.017154
111100101011001010100111111000110000 0.022495
000111100101100110101101000000101011 0.024779
011011111011000101100110000111010010 0.029308
101010101000001101101111010111010011 0.007658
101100110001111110101000000101010001 0.037026
010010101100000011010011100110110001 0.014764
110101000011110010000101001100111001 0.019194
111110000010101000110010001000001100 0.020123
010011111001001001011100001001001000 0.028338
010001100100000011100000110101011000 0.018651
101000110001000001010011100010100110 0.014971
000001000000100001111010011001001011 0.007361
0.000165
1110000110000000010001000101101100110 0.027467
1100101010010101001011010000011110111 0.012348
0100000011101011011100111001101000111 0.022742
1010111000010001110101001110000110110 0.033594
1111110100100101011110110000111111010 0.018929
1010000100101110011110000000000011010 0.045828
1000010110011100111101000100000101111 0.035206
1111000110001101111101011100101010100 0.038189
0100100110011110001010110010111011000 0.026223
0111001000111000001000110001000111000 0.035254
0101111010110110100101000110010000111 0.045505
0000100001101011101000111101000000100 0.045549
0110010000101001100000100110001110101 0.031046
0010010110011101010100100011010101000 0.050083
0100011010110010101110000100101001100 0.038248
1111000000101011010000011101110010111 0.023426
1000111001110010101100111011101110010 0.015846
1001001000001000001111010001001101010 0.017724
0011110100100111011110011100010111101 0.021122
0111111101010110100111100011001101000 0.044987
0.000200
01000110001110011101100101100101011100 0.047028
01010010010111010001110100000001110001 0.045641
00011010100010010010011101110111101110 0.009838
10010100000001000001110010111111101110 0.000951
11001000100101000101111100011101011110 0.006672
11101010111111101110011011000000101111 0.066965
10010110101110000011101011000100011111 0.023286
10100100011011111110010001010100001110 0.081735
01010000100011010100010010000100001010 0.050980
10110000101011000010010001000110100010 0.049891
11000110100010010000010010101110111100 0.016700
11011100011010100101010001111011010100 0.037442
10011001101011011011000111110111010011 0.042989
10001001110111000010101111100101101001 0.033086
11100100010001010011001100011100111001 0.024876
11011100110100110101001011001001101101 0.044469
11000011011111001110111000111111111110 0.042155
11011111100000010010001000000001001011 0.050757
11100011111011101100011110111100001101 0.053201
10010101111011001100000111100000001101 0.071029
0.000236
111001011110111100111100100100000101001 0.123901
110011101011111101001011110010100110100 0.096422
011000100001001110010111011111000011000 0.051149
000010001111010101100101111011001100001 0.086465
100011101100010010101010001110011110011 0.042782
010010000110100100101001101110001000101 0.072056
110101011000101111111111010100111010110 0.055906
100001100101111011111010111110100111100 0.054554
111010101010011111001010011010001010110 0.102196
011110010100010011110011100010000000110 0.112051
010000111010111000100010011010110101110 0.061201
111101111111101010100001101011010110001 0.103549
001111101111011111111010110001111111100 0.053445
100000111011011010000011000001000100000 0.108983
110011000000000001101010001110001010101 0.058231
110111111011110001100111111000101000110 0.100691
101001101110111001100000110101001011000 0.125665
101100000000000100110100010010010011000 0.081685
100111111110011010111010101000110101111 0.057972
101000011001111110100110011111001010111 0.055693
0.000269
0011101001100100000101101110111010101101 0.018780
1010100101101001000000110101101110011001 0.036782
1001001111111101101010000010111100110010 0.148184
1010111000111101110110100110110011110111 0.087564
0001010110010000001110111000000110011011 0.063331
0111101100001011001100000101111001010111 0.088166
1101000111111110010111100001010110110111 0.096895
0001011110001101101100010101101001100000 0.168024
0100101100000101001011110011100000001010 0.083782
0011111000001001111111010000000011011101 0.134431
0001010111011011011001111011010100110011 0.099935
1000000111101100011001011111010110010110 0.075753
1110110010001010100101001000011100000110 0.105270
1010000010110101000110011000000110001100 0.106215
0100111101101100000010101100001011111110 0.024218
0000001110111010011110011110001001000011 0.154135
1101000100110110011000011111111001010110 0.066425
0111101010001100010111010111010111010111 0.035829
1001011010000011101010100011000001111010 0.090012
1000111010010001100111010101011011101011 0.036681
0.000342
01101101101010000111101000011111010101101 0.093234
10011110011000111011001001001001011001000 0.251474
10110101000101111101111110111110110101011 0.077393
01100110100101101100100100011000000000001 0.227214
00110100100101111011000001101000000101000 0.264562
01011111001101110110001111001000000100110 0.238003
10101101101000111000000101010100100111010 0.154302
01001110111101010001101001010111011001100 0.133412
11101101101001111111110010110111010111001 0.113877
10110111111111100011000110010000110101001 0.237864
00110010010110110100111011010101010101111 0.043868
11011110100111101100000100000100101010000 0.244123
00011101000011000011011101110010001000111 0.095185
01001011101110101110101011100111110111011 0.073963
11011010101110100111010011010100000010111 0.195603
00011111111101011111111001000010011010110 0.188456
01011011100111111000111111110101011110100 0.071437
10000110010000111110101111001111000110010 0.134509
01101001010001110111011111111100011000011 0.114421
00001001101101110111011101000010110101100 0.205633
0.000415
100101000000110110111111100011111001101000 0.220940
101001101101001111111100111111011010110010 0.240905
000111101111011001111111010011111111001100 0.221960
100000001001001010001010000101111000110100 0.162612
000011100010101000001100000100000111100101 0.184083
100111111100100100100111011110100111110001 0.083094
000001110001111101010100001101001110010101 0.258657
100110000110001111010101101001010011001001 0.240872
011010100011010011111010101010101010010111 0.255893
000100111010011111000110110100010111011111 0.127214
000000100110000011100100010000101001110000 0.212846
110100000110110000011111011111000111001000 0.137107
010101100101010101101110100011100010001110 0.278686
001111000010111100000001000011001111101110 0.114005
011010010100100000101010100010000010000001 0.225748
111100100110011011001000101011111110000100 0.262087
110000100110111011001011011100110001000010 0.312015
011100101001001001100010001111110111010101 0.061994
101010000011100001111001001001001000110001 0.308987
001011110101111101111110001010010111101110 0.252942
0.000481
1101010100110011111001010110000100100001010 0.532679
0110111101101010010010110100101101101000000 0.498057
0010100111011010000110111100110001001000011 0.411431
0001101010001000000011011010100111010110101 0.088908
0010011001110001000001110111100011101011011 0.029385
0110110001000100011101101001000011111011000 0.276559
0001110101010000000100010001110100101001010 0.337313
0100100010100001000111000000100001111110000 0.395383
0100000111000000001011100110100101000001011 0.290130
1110011000101000000100000001010101001000001 0.414103
0101011000111001010011011110100101001001111 0.166291
0100000001010111001100000110000101010111011 0.302558
0101101000000011010010011111011011110110100 0.077728
1001100111111011011100010110001111000111011 0.310267
1001110110011100011011100111011011000101100 0.319135
0010110100101000101111001100101111111000011 0.201880
0001111101101010011000001000110100110110010 0.446994
1010010000100011000110101110110010100100010 0.336834
0101111001111010110010011110011011110001010 0.332616
1001011010000111111000000100100111100110111 0.290024
0.000562
01101011001011010111100110010010111111101010 0.443464
10000010010101110001011101101001011011001001 0.313818
00100101111001001000110110000010011101101110 0.368906
00110001010110101011010011101100001100010001 0.652677
10011110011010101111011101100110111110010011 0.431376
11110010111011011001011011110101011101101101 0.348061
11110011100010110010110001011000110010010001 0.666404
10110110100000100001101010010010101100110110 0.235318
00110111000010011100000110011001001011100010 0.350183
11111010110111010101111010010010010011000011 0.759083
01110100100010101000101001011001010110011111 0.107614
01011101001000011111011011101010011001100000 0.659092
00011101111110000110011001001000110011000111 0.546855
11100000111100010011011001101010110111011111 0.193837
00011101010110001000101110110111100000000100 0.417085
10001010100110111110010110010001110110111000 0.572457
00010111000100000110010010111001101011100100 0.290357
10110011100010010101000010100100001111111001 0.262130
10010001110000001010110011101000001011000110 0.443918
00010011101101011001100010011111000000100110 0.654318
0.000737
101100101101001111000111110110001110000011000 0.879097
101110100110011111100110011111101100101011100 0.550126
001011001011001001001111000111111000011000101 0.589263
011110011101100110001010001010011010101101110 0.490199
100001000010000010000111110100000001010001111 0.452786
111000001100100000110000100101010111010010100 0.639228
110100011000001000101000000001001011010100100 0.816045
001110101101001010010001000100110000001001101 0.857504
010001110000011111100011111101010011110001000 0.536267
010000101000000011000111100011010111001011110 0.129696
011100100110001111100100100111110010011100001 0.830328
011100011001000110100011011001110000011010101 0.434564
001010011000101101001111000000010000010110001 1.066742
111101001000000011011000100101000101110100100 0.796674
010100010111101001000111000011000011100011101 0.607146
111110100011110111110110111000110110100111111 0.441901
101101110110011000001001010100010110111110001 0.434645
000110000110110110110100100000000001100111010 1.172946
000111001011101110010011011110010001000110111 0.494480
000010011011111100001010011111101011011001101 0.292850
0.000927
0101001011001010000101100111101100110100100110 0.739560
0101101111111011010111101101111110101010110011 0.983466
0000100110000000110110101101100001000110111100 0.804920
0010101001001001000010100110110101101100001011 0.450319
1010001001101010010100101101011110111111001100 0.327939
0100011001000111110011010110100101011000101100 1.240293
1100011001010100101110101001011100110100101001 1.176446
0001111001111100110110110111100000011011000110 1.503574
0010011011110001110010000100000101101011100101 1.076983
1100000000100100001111010100000111000000110011 0.874017
1110010100000111111000001110110110110010011111 0.349131
0011011101011001110101011000010001100101001100 1.546645
0110111011001100111010110000111110101010011100 1.190336
1100011111010100001011010100000110010100011110 1.071718
1001000111011000111101110000111001101001011010 1.361400
0100010010000000001000001001010001011001100000 0.854041
0101100110111111101001101001010000000001000101 1.818438
1010100110001011111000011110011011110010001000 0.912135
1111000101110111101011011101110010000100101111 1.098573
1111110101011111100000111010100111111000001110 0.953941
0.001069
10110010110010001110100101111010001101000010100 1.675721
11110111010000110110001111100010011110011011100 0.846645
10111101101100100001111101101001110011111010111 0.738702
11011110100100000101101110011010010000000000101 2.039037
11001110011101001010011001000101010110101000101 1.958137
11000001100100000100010001001010111110010010001 1.107097
10100011100111111111011001010010010001110000011 2.553644
00100111111000010100110110011110011101000000010 1.777040
10010100100111110010001011011011011101011111011 0.389421
10000101001001100001001011011001100111011100010 0.735491
00011001000011000001011100111110101001100111011 0.352944
00001100111001111100001111100101011011110000100 1.382179
10011100100100011101010101100111111001110100000 1.157748
01010000110110001000110100100110000001000001011 1.856523
01000100101000000110111010000110011001111001011 1.170063
11101101001010011011011001000110010000100101110 2.295437
01000100111000110110011111000001000101101100101 1.857849
10111011000111111001010000101110100110001001111 1.449043
11010100101011010110111101010011111010110101110 1.030776
10000111001011110001111011001011110011110111011 0.860386
0.001229
111001100110011000101000100001001001000110110000 1.909577
001011011000110110110111110101110100011101100110 2.176413
111001111100011111011101010111110101011011110111 1.712504
111101000111110001100111110011100011100110100100 2.638511
010110111000000000011001010110110100010101001010 1.453114
001000110110110011010111001100100101011000000100 3.365517
111010111000000101110000011100110011011110111010 0.346937
101000001000010001100101000000001011000001001111 1.835755
001111000101100101111111100110010001001000111011 2.956328
010010111011011000110101111110101110111000111001 1.414834
111000101011111111111000000000100010100000111010 3.382159
100100101001010010000100111010011001010101101001 0.792727
110101100110011101000110101101000100011011100010 2.224556
111101100111101010111110110111110001101101001000 2.743641
000000110001111011110101010011010010011110100100 2.859398
111101111010100110110011001101001010101101100010 2.707177
001100110111001110110011111010111111111010100000 2.004684
100011100111011000011001010100011010100110011111 1.335864
111001011010010000011100101100101101000110011111 0.659073
000010110000001000111101110011110100001110010110 1.606022
0.001596
0100110101100011011100001001000011000110100001101 3.590073
1100010100111110110001100101110110011011010101101 1.717424
1110010111011111010001001111001111001010011101010 1.746360
1001011100010010001010001101010000001000101110101 2.497912
1010011001000101111000000100101000001111011011110 1.382971
0111011000101010001011101000011101101011101000010 3.509158
0010000001100011101011101110110010111110000011011 1.904012
0011101001000010100100101010110100000101001000010 3.793220
1101101001010100010001001110011000000101010110110 2.130833
0000100011111001101001101011000001001001110000100 4.602680
1010001100111010110010111010010111101110100110110 2.033502
0111111010100101111000001001101111111001010001111 0.907580
1100110011100011101100101011000011010001011000001 4.446819
0110111110010100000110011110101000100011011110110 1.568128
1100111101000111111011101010011011010001100111110 2.596691
0100100001100010001101010001101010100001111110100 2.597763
1111010000000001011101100101010110001111001101000 3.238284
1000111100101000101101110100000001010000000100001 5.116586
0101011011100010001111101011000100011110001010001 4.428505
0001111101001001001010011001110111011011010000000 3.640955
0.002032
11000110111010111111100001110010000000011111000011 6.569908
10100011011001111001110000010110011110011111001110 2.968853
11100100111001101011001000011010100001010010001011 5.177069
00100110110101011101110111111111011001001001100001 5.867544
00001111111111001000100101110110001010100001101110 3.877596
01011101110011001010001001010111011110001101001101 1.515845
00100010111100011010010100100000111111110110110100 2.652384
01111001101011010100101001001111111001110110111111 1.279466
10110000100100000011010010110100000110000110111010 3.126267
11100001110100111011001110011001010011010001110110 5.886686
11110110100110111111000111111011011110011010011000 4.905215
00010110010010100100100101101111000010010110010110 2.516635
10011011011010001110001111010011100111110000110011 4.203982
11100101100100010010010100010100010100000101010001 4.223216
11111111100001010001000100110001011011011110110011 0.792599
11011111111110100100000100111110010010000111000101 3.914915
00100010100111001111010010011100010111011111001001 4.122021
01001100000001001101011101000110011000000101011001 5.074822
10001110000000100100011011110001001001010011000110 3.524941
11000110011000001110000101110100100110110101011000 2.542763
0.002328
110100011111001001101010111000011100111101100111101 3.763762
110011110010001010101101000001101011111100101011110 3.229160
000010111101010111001000001101110011100010010011000 7.081498
111110111100011100100110001000100001011111011000101 7.048253
001000100010011011100100110001010001001111101111011 2.794798
101100011101101111010001111010100001100111010110000 9.464008
101110010101011001100000000000011101110011010101001 5.075418
110010111110111110110100110000110100110000011101000 11.387422
011100111010100010001100110101111011110100100010000 6.276724
100111001010110111010101001111101100000100011011010 7.595718
011101100010010111000011000100001101101100101001110 6.057071
110101001001000111111011010011100011100011100001000 10.143138
110000100011001011011001010001100000110100001010111 7.390638
101010010101110100101110010010001110011010100001111 6.220883
100001001111011110111100111001110000001110101100100 10.001724
000101110111111010001101000110101111110001001110110 4.919661
101000100000001011101000001111011111010011111010101 0.384156
010100111000100101100101111111110100101111001110110 2.409007
000100010011111110001101010011011010101101001000111 5.843537
010001000011001110000101111100011110101111110000000 5.189242
0.002692
0111010011101111100100001001101000100000111100101011 7.734230
1011001101000111000010000010101111101010010111000001 3.863006
1001010011010010000111110010001000010101101001010010 10.852439
0000001011010101010001111010111100011110110101111100 5.628378
0010110101100101110000101100001111000011110111101101 5.934528
0001011010000101101000010000001010001000011111010110 6.095436
0010101110110000000011000000010110000000100110011000 8.151187
0011000100111011011001001100011101111100010011110001 8.876087
1000010001010001010101011010000000101101011101011111 4.412108
0101011011111001111001100111110011111001110101111000 7.613295
0111100001000000100010110010100001101011011101010110 2.746903
0111011100001100100111101111100100111010000011111011 8.535888
1001110001111011110110000101101000110100010101010111 9.396071
1010110111010001111100100101011100111110011110101100 6.368288
0011000100101110100100011011000001000000011010010001 10.286155
0001010111101011010101001010001110100100111001101111 5.524926
1111010010100100100000100001011101110111011100001001 2.206031
1111110001100101001111010101101001011010001110110010 10.494564
0100001101001101100011010110000011111100000000111010 11.800929
0110101101101100001000110000100010001110010010001111 6.934479
0.003402
01001110011001101010000011110111011110110100000000111 9.098108
10010100000100000010101000101010000000000000110001010 16.258337
01010111111101110010000001001001010001100111110101011 7.309779
01001100011100101010000001110001001011001100011010110 9.875284
11001001110011100101000011100001011111001010100101010 13.176400
01110000100111110111100000001101110110010100110111000 10.125150
10001000001101001011000100001100100011011000001001101 13.974643
01001101101000000000110111001011101011111000110101010 9.022313
11001001001000010000011010101000001100001101100100010 15.646269
11011000110101000010101110110100101010001110111100000 14.924824
01011000100000011000101011110001011111111010000101111 4.194925
11011110011110101010110101010000001101100001010011100 22.143375
01101100010011010001110010001101010111101111010111011 3.245119
10000110101111100111000010110100100000101001111111101 6.457743
10000001101001101110001100011011110010100111100110011 5.357083
11010001110010011111010001111110011100001111111100100 6.891269
10101011001010100011001111100111010011010011111000001 14.830958
10100011101000100110010111010100111011010011100010000 19.152985
10110011001000110111001100011110110111001010111001010 7.273298
10001101101000111011100001110001101110101101001111001 6.299615
0.004217
000011001011001010001100010010100100001110111101001101 9.033266
010000001111010110000011001100110000010000101000101000 23.665928
000010000100101011010000100111110011111001010110111100 2.457654
010001101111100110001100000001010100111101001111011101 5.090397
101111010011010011110000010101111001000000101000100011 21.687646
000111101000001001110100100010111111101011000000100001 17.040603
011000010111111001101000100001110010110000001111011100 18.009968
011100000110000000101011010100100011011011101100011110 6.663924
110110110111010011101001000101011111101001000001000111 16.438160
001010001010000111000100100111100001010111011100011011 4.481234
011011101001100011111001111110110011001001110111100110 21.340163
010110010011010110010100011111100111001100010111111011 8.956105
110111111010110010000001000111100110101111001110100101 3.981048
001110111101011011000100111111111000111111100010001010 21.721934
110101101101011000001010000001000011000010100011100000 19.663465
101101101000100100111100011111011110011101000001001001 21.799819
000101100000101011111010010111001011010000010011110001 21.868911
011101000101000101010000001100001011111100001011100101 8.098212
101000100110111011111010011111010110001110010011001111 20.417912
111101000001100011100011111001100011001010101011111111 15.787014
0.004938
1110110011010110101010101110111010111010111101111011001 16.906523
1101000111100111100011110101101111000111100101000101001 33.144934
1100101100100000001110010111110010110100100001110100010 33.645112
0100001000001011000111111010101111100110010111110000000 38.806268
0000011101110000101001101001001001011010111101010101010 17.228190
1000100110001000001000000001100110000001001111000010010 31.973619
0100010000100011101001000101011110100110000111111011010 7.372809
0100000100101101101111111110011000011000010110111001100 47.884406
1110011001001001111001011101111100010001111101100101000 31.398028
1000111100010001010001100000011011100000001010010011100 33.008171
1010010111111100100011011111011110001000010100100111000 49.588803
0011101100001101110011010111011100111000101010010001100 44.649729
0101000011110100000100000110011000000001010101100101001 34.249639
1000000110100101010000101101100110100110101001100101000 30.047040
0101000110101110000110001110100110011011001011101010011 21.590471
1000111110110110111111010001101000100111011101000100011 35.781311
1101101010111101100101001111000000000101000010111001001 51.762994
1010001111010110100011010000001000011111000010001101101 30.992096
0010000000011010110100010111000101000101110110110010111 17.081521
1101011000111111001101000111011111000010101010100111110 23.452756
0.005777
10011010010111101101010000000110101011010010010100000111 31.550729
01111000001101001010011010101111100110001010110110011000 30.141870
10101110111101110100100001101011110011100111000101000111 27.428526
10010000001111001010000001111100110000100101111101001010 27.995652
11011001011101001100010001001001001111110110100111011111 4.040127
11000101101000011001011111110010011100010000111111110101 41.319654
01001100100000011101011100110000100100000001001101100100 60.103095
11100101100001010000100000010111110011110111000000110001 19.112138
00010101000011011110010011001010100100011111101011000000 43.483615
10011101010110100011001000011010010011011001010000011110 31.036991
00010100001101000110001100110101101010110110010100111001 27.168005
11011110110111000010011111011001000101010100010010001000 66.743895
11110101011100111110100011101100100100111111111100010100 40.183717
01010100100011111010111100110001010010100000000000100011 69.421567
11000100010110110101110100010010010011111011111110010110 23.722812
00011011100100100001101101111100100100000101011001000101 59.124884
10010000001011000000011011001000101011011011010011001110 14.854448
01110010100001101100111011010111101000100011110100001110 49.141442
11011010101000110001010110110111010101011010000011010011 42.096806
01011001101000000110011011001100010010011001111100010111 19.911955
0.007293
001001010011011111111101011100101010010001111100010011010 93.834750
010000101011011101100000111111010111000001001001010101000 97.672651
001011101110010111011101001010001100000000110001001000101 103.299169
101010000000101000110101111111000100110011110010000110100 86.938528
010110100111101000101100100100111100000101000001100111000 85.055072
110010011011011101000010011001000101100011011101010100000 79.474311
010011000001110001110000011110010111010010111111010110000 43.956915
000000100011101110011011110011010010100110101000000100111 85.976715
000110011010000111110110011101011001100000010111101110000 93.534137
111101110111011010100000010100011000111000101011001111001 51.911340
000111100011001101100110100000111011100100111011010110111 18.708236
011101101001011011000000000100100110100000110010101110100 63.513535
000000010001010011001001010101110100111011001001111010010 34.809244
101011111011111001111010110111000001001010001100011001010 109.234075
000000111100000100111101011011001111010100011001010001111 46.040224
011011011000101010001000010110110100100101111111000101110 18.526016
110001110110000000001100011110001111011000101101101011011 19.547549
000110000001011000010000110001010110110111110010100011011 13.860942
110101110011111000110100110100110010011000100110100011000 100.888842
001100100010111001010000101110101101010111100000101100110 49.371962
