TAMANHO 10:
0110101111
0101111111
1010101100 
0010111111
0001010010
0010100110
0000011010
0001111101 
1011010000
0010001010
0101111100
1100000110
1111111010
1111000000
0010001110
0011010111
1011000101
1001101011
1101111000
1110001111

TAMANHO 11:
11100100001
01010001000 
11101111111 
00001110001 
10001011001
10010100100 
10000111010 
10111001100 
00110100010 
10001000110 
10110011011 
01001000111 
01010111101 
10010010110 
00101100111 
01110111000 
01001001010
01100001110 
00111011011 
11110100110 

TAMANHO 1 :
011001001011 
101001100000
000011011011 
001100010010 
100110111110 
111001100100
011111000010
111110010001
000010111000
110000011111
101001111011
001101101010 
001011110010
100101000110
101100101110 
111101100100 
100011101010 
110101101110 
000011010110 
001011111111 

TAMANHO 13:
0111010010110 
0110010110011 
0111011000000 
1001000001011 
0101110000001 
0000001100100
1000111001010
1011001001101
1000101010001
0010011111010
1011110010000
0101100100110
1111110011010
0101000100111 
1010011100011
1101111110100 
0111111001010 
1000001001000 
0011010000110 
0001110111110

TAMANHO 14:
00110110000101
10111010100100 
10111011101110 
10011010001001 
00110010101111 
10010110001010 
00000011111010 
01011100001101 
10010111001011 
11010001010101 
11110001101100 
11001001011000 
11011101110001 
11111000010011 
01001101100110 
11000100100111 
00100110111001 
10001101100000 
10100110110111 
10011100010001

TAMANHO 15:
001111101000010 
010011110001001
100010010101010
010111010010001
001111000100000 
101010111100111
110000011010011
011011111000111 
111111100010110
010101000000100
011010011100111
110010110010010
011000000110100
110111001010011
000111000010001
010011001001000
111101100110100
110000010001101
001000011100110
000101001100011

TAMANHO 16:
0110001100111110   
1001001010111001   
1110101001011001   
1111010101001100   
1110010010100001   
0010000100001001   
1100101100001101   
0011010100011011   
0010001110010100   
1001110001010001   
1111110111000001   
1110001101110000   
1010110111111010   
0010001100001100   
0110000010100101   
0000101000001010   
0100000110000001   
0000100010100000   
1000001101110000   
0110100111010100   

TAMANHO 17:
00000010011001110   
00110001101011010   
11010010010100010   
10011011101010101   
10101001000010111   
01111111010000111   
10100000101000111   
00110110100100100   
01111000000101110   
11101010011000100   
00011010110010000   
10111101111100000   
10011100010000100   
10000111001011111   
01101011111101110   
11101111110011110   
01101101111100111   
00100111110101011   
00010010111010011   
01110000111001100   

TAMANHO 18:
101110101001011100  
010010011110110000  
100001000001111010   
011101111011111111  
100000010000000011  
001100000110100010   
100110011111110110   
001010111111010011  
000010010101111111  
111100110001101100  
000010001011010000  
000001111100110001  
001101110011001110  
000000110010011011   
110101101000001010  
000101000101111011   
100000001010011111   
110101001100110010  
001101011111010001  
010111100110000010  

TAMANHO 19:
0110100110011101100   
1001101001110100101   
1001010100011110100  
1010100010011001001   
0001101010111111000  
0101011000000010100  
1001011010011010101  
1011101000011001000   
1011011011010011011  
0010100010010011001  
1001011100100101110  
1101011101001110110  
0011111000101001111  
1111011000011011011   
1000101011010100000
0011010101100100101 
0101100100100100001  
0001110110111000111 
1010011100101110000  
0001001001111011001   

TAMANHO 20:
00111000100111100011  
11111110010001101110
01100000111110001100  
10001111010101101101 
01011110000111110011  
11100000010100011010  
00101001101111011101  
10000100100111011110   
00110000010000000111  
00100011011001100110  
00011001111110100110  
01101001100010000010  
01110011110001001111  
10011010010111110101  
00111100101010111101  
00011000101000001000  
10001100000101000101  
01010010010001010110  
00001100001111011110   
11111010011111000001  

TAMANHO 21:
010111110100011001101  
111011111111000110011  
011000101000001111111
110010110111011010111  
011101000111100101111
000111110001110000101  
010101111000001110011  
111000010010111000001  
100010011100010010111  
010110100011010111010  
000110010101110101011  
001000010000101110110   
110000001001001110101  
010011111101100111100  
000110101001111101111   
101010010000111010100  
100110000100010100110  
111111110010000100001  
010100101011100001001  
111000011111101010010  

TAMANHO 22:
0111011010000111100110  
1001011000011111100011   
1000000101111010010011
1111110010110010110001  
1010001001010001011010  
1100101111111110101100  
0010010101111111111101  
0001111111010111011101  
0001000011110011001010  
0001101010111011110110  
0000111011010010011011  
1011111100101101101101  
1000000100011001001110  
1000100110011001110101   
0101111100001100101010  
0101100111101000100100  
0011100111011110101110  
1101111000100001000011  
1111110011111101101001  
1111001111010110001110  

TAMANHO 23:
01111110100110011110000  
10110010110111001010110  
01101000001010001000011  
11111110000100101000010  
10100100010110010110011  
00001010100111101111101   
00011101010110001010001  
11101001100001011011110  
01111110010111100011111  
11010001110111010010010  
00010011100111111010100  
10110101110100001101101  
10000101111000011100010  
10011101011110011010100  
00001101111110000110111  
10101101010010111111100  
01101010000110010011111  
10111101000010010001111  
10000111101010001101000  
10011101000001000100101  

TAMANHO 24:
010111110111100111011101  
000010111010110100101000  
101111111011101000001100  
111010110100001011100100  
111111011100001110010001  
111001001110010000001011  
100000101101100011011101  
001100101111111010010001  
110011001110111101101001  
000111110010001000100110  
111011010111100000100110  
100101011100011011111110  
011100100100001000100001  
111000111000100010011001  
100000001110111010010101  
000100100100001011001000  
101000011011111010011000  
110001010000110011000101  
010110000011010110011111  
100010000010010110011110  

TAMANHO 25:
1010011110000110100100011  
1001110001110110001000011  
1101111101010011000000101  
0111101010111111100000110  
0010100111011011000111110  
0101111100100001110100101  
1011000001110111011010101  
1000011100011011110100010  
1001100011101111000100110  
1000111100110011100010010  
0100101101011010010111000  
1111100000011001011000110  
0110010111000011001000110  
1111101001010000101110011  
1001111101010110011001010  
1101111011110101010111110  
1011101000110110101000100  
1010100001001001101011000  
1110111000101100100000101  
0110101001011010000100111  

TAMANHO 26:
01011010000011100100001101  
10000001011110101001110001  
00000100101001110001100111  
10011000010001101101101011  
11111010100100000001110001  
00000111000011100001011011  
10010010011101110110010011  
00010001010011100110001100  
10111110000110101000101000  
00000010110111100000001111  
10100011100010010110001010  
00111110110011111001110110  
11100010010101100000000001  
00101101011101100111100111  
11110101111010111111000111  
10110110010110010111000100  
10010010111110110110010100  
00001101001011011000101001  
00101101001101011000000100  
11001001110101010011100111  

TAMANHO 27:


000011100010111100110100001  
101011110101100011111111101  
100010111000111011001110100  
101111110011110100101000001 
011010011000110011110110101 
010100111111010110001100111 
100001111101011011110111011 
010011111101101010000100000
000110100010100011010000111 
010000111011011111101000011
101101101001110111100101010 
000101110011000111111000000
000000000101100001011011000  
110011001010101010000111010  
101110000001101001110110010  
111011111100010001000010011 
110000000011100100001010101  
010010100001101100100100001  
100110111011011110110001101  
100110111111110000000110110 

TAMANHO 28:
1100001111001001010000001101 
0011011111101000100101101011 
0111011110100110101101011010 
1011011010011011100001100100 
0000110000001011010101000011 
1110010011010000011111110001   
1011100001101000101001111100  
0000001010000111111101101000  
1010100000110000110001010110  
1100010101101110100101111011  
1001010111101010000110100001  
1001110110011111001101111111  
1010110011111100010110111010  
0010010011000000010101100111  
1101101110011100001010001111  
0111000010000101111100000001  
0111010000111010111001110110  
0000110101010011111001010110  
1101111100000010100111100000  
0101010001110110000010011000  

TAMANHO 29:
10000100000011000010101111010  
11011010010001010000101100111  
10101101100101000000011111110  
11001100000101001100101000000  
11110111111101111110110001100  
00111011010101011001101100100  
11001010101001011000110001100  
11111010000101100100000001100  
11011001110001001110101010010  
00010101100001010001100001100  
00100001000100000000010001001  
01011101001010110111100011110  
00100101100001011111110101011  
11001011100100111110101110000  
10011010100000001001011011000  
01001111100011100001110000101  
00000001111011110011111001011  
01111110010000010001101111011 
11100001100100010011110000101  
00100111111111010001110001011  

TAMANHO 30:
100000111101100101110100000111  
011001001100001100100011000101  
101100001111111100001010000110  
000100101110011011111010111010  
110111011101001000100010111110  
010101111110010101011100011010  
001010010010001100010100110100  
000010000011001101000101111111  
000010100110111111010101100010  
000011000101011000011101010100  
110001100101110010000000101111  
001100001000010000101010011111  
001101000100000101100110001001  
101100000000010101110010111100  
001111010110010110111110100010  
101101110001001100001001011100  
010010110001100110110000001110  
001011010100000111111000110001  
000111001100000100001010010111  
011100000100000101100010100100  

TAMANHO 31:
1111110000111001100100001110110  
0111100001001110100100101011110  
1110001100111101101111011011011  
1111111011111011101001001010010  
0001011001000010100000101011110  
1100001010110011111100111011010  
0000011111101000111110100000100  
1101000000100101100010001001000  
0001111100010110100010000001110  
0010000010101000010111101000111  
1101111010001110001000011100001  
0110100011000100001111011000110  
1011101010001110000010010010101  
1000110000111101011100011011000  
1100010110010101110011101101101  
1101001111001011110010011101101  
1100101011111111000001011000101  
1101111001110101010011001100011  
1111001100010101011010001111110  
1111010100110000010101100000000  

TAMANHO 32:
11100001111111101110010001000101  
01110001001100000101011100101100  
11011010111101010101100100101010  
11000011011111101101101101110001 
00000000100001000111110101100010  
11100100000100101001000111111001  
11110101001011111100010110111110  
10110111100110110011001111101101  
01110010011101101001110100011110  
10001010001100100111011111010010  
00100101101011001110111110110000  
01001100010101011100010101111011  
11111010100110101000011000011001  
01111110100001110010100000010111  
01000011011001110010111011001001  
00001011100101011100001010001110  
10000011111111000011010111110100  
10000111011111000101010001110111  
01110101111101100000011111011101  
00100000111000111000111111101101  

TAMANHO 33:
110101100110010100110001000010110  
010101100110010000010111000010100  
001101110100010100010010000111101  
101000011111000010111010110100110  
110010101011111000101010101011111  
101100101100101000101101110111000  
111010001001001101010001100010001  
010011101001010101000011011101011  
010011000011010100010101100101110  
000000000100011110001101001110101  
000010110000100001101111110100101  
001111111001100110000010000011000  
111111101000100101001010111100100  
000000100111010000010001101001111  
011001101100011001100011101001001  
111111001010110010101101100100000  
001001111011110001000011101110000  
101111001000100011110010010000101  
001001001011001111001101000111100  
101001001010100100100000001101011  

TAMANHO 34:
1111110110010001111110110001111011  
0010101111010000100000000001001010  
1011001010110001001100101011101010  
1111001101011001100110100000011000  
1000111001000011011101001010111100  
1010011001110001010011001110000111  
0010001111101010101100000111101001  
1101001010000100010110100101011011  
1100110001101100001111010101100001  
1001101010011100011111100101110111  
0011011010011111010110101010010111  
0001100110100101100111101011010011  
1110101110100000010111000011111111  
1001111111111100001000000001110001 
0000010101011110001011000001001011  
1100100110011000111001110101111101  
1001101000111001111110101000000101  
0011000101110100101010111111110001  
1011101110111101100101101110001010  
1110011110100000000110011100111111  

TAMANHO 35:
11101011100011010010101111001011001  
10110010111001000010011010010001010  
00101100010001010000110011100101110  
10100101100010101011100000001100001  
10000001001011000101101110001000001  
10001110000001110011100110011100111  
01001010010101011111101010110011001  
01101110101011101000101010101111110  
11100001001000110100011111100101100  
10111110110100011000011101000000011  
00010010010010011100100001000111110  
00100100111100100110010010101100001  
01011011001100101111101101001100011  
01010000110110100000110010110110001  
00011110101011010010001101010001110  
10111010001010000111010010100111111  
11100100000010001000100110111000010  
01110000011000110011100000111111100  
00110101101101110100101111110011011  
11001110001011010110001111111110110  

TAMANHO 36:
101100010010001111001000000010011100  
010011101010001100010101011011101010  
111000011111111110101001010111110010  
010100101000110111101100101101010001  
000101000100100000000111000100101111  
110000111001111100000000101000100110  
000011110111000101111110011111101101  
110100001100001000011010001111000001  
000000001001111100000001100110110001  
100001101100010000000111011110011001  
111100100001011111011100010010101101  
011101111010100000101010010011100100  
000110001011010110001101100111101001  
110111011011101101011110000010100000  
101011010101011101010101011100110001  
101000100101010000000010110001000011  
011101011100101001011001110000110011  
100011010110000001011010110000001010  
011011000101000010101011101100101101  
110101101011101010000110001010111001  

TAMANHO 37:
1011111001100111101000000110010111110  
0111001101100000000111101101101001100  
0101000111110101111010001001101000011  
1001101001100010010111110000011101011  
1010101010010001111011010111011001100  
1111100001100111001100000101010011100  
0001111110010111011111100110000011011  
1100111111010100111101100001010111100  
1010101010010101010011000011111010100  
0111011110110111110001010011101101000  
0000110010000011011010101111011011001  
1111111101001000100110001011000101100  
0100100100000011110101100001000010000  
0000001001111111101011101111010000011  
1111111000110101010001001011001000001  
0111101000000101111110000101010000111  
0100101011010011010011100100111000000  
0011100111110101110111110111100111000  
0011010101000100000000011001110011101  
0100011011110001111111000000001000000  

TAMANHO 38:
10011010111001111000001110011011110000  
10010010111111011110011111100110010001  
00000100101011001100011110111001001000  
00010000110000000110000001001010110010  
01010010110111011011010110011010000101  
01000100011010000111110001101000010001  
00100010110101000001010000111110101101  
00100010111010111000001111111110100110  
00010100001100111010111001000111010101  
01000010111011111110100100111111111000  
01000000001100001100101110110000101101  
11000110011100100001000111111011110111  
00111101111000000001001011001011100000  
10100100111010111101010111010001111011  
11000101111111010001110000010111110000  
10101010111000110011111000100000000011  
10001011000011001011110111001010011110  
11000010010010100001110000110000110010  
10010110101100111010101111001101100011  
00011100010111110111101111011100000111  

TAMANHO 39:
110111101110001100000100101100010000100  
011010000000000111000100010011010101000  
010011001101011111001101000000000100011  
001000100110111010010011100110000000100  
100001011000110111000110001000100110000  
100011010111001101111001111000011110110  
101011001010011000000000100000100110011  
101000100001001001110001000000110000001  
011100111011000011110010010010110111100  
011011000011101010000101100101101110110  
111011101011110110000111111101111000100  
011001101010001111100101100110011100001  
000100111010101010101111111010000000111  
010000101111011101010100100101100000010  
111000000110010011101110111101101100001  
111000101111000001011000100010110100001  
011110101110101110110001011001011101110  
011110000011100110010001011000011100011  
110110000010100000111111011100111000011  
010000011110011010101001001100011010001  

TAMANHO 40:
0001101110100011011000010101010010001000  
0011111011011011110011100111001000000011  
1000101000000111001011111111110110011001  
0111101011000110011110100010101111101010  
0000001000010110110111010001110101100110  
0010010010110011000000010111001000111100  
1100000111001011110101111111100011100111 
0111111000100000010100111001101001101011  
1010001000110001101100100100100011011000  
1011001101100001010100000101100110100001  
0111101111011011100010100010100100010111  
1101000110100110110110001110010001101010  
0011111011000011011000110010101010101011  
1100111011111111010110011011111010000101  
0000111010111001010001011011000101100001  
0110101110101111000100010100111010010000  
0101101001101010111100011010001011000100  
1010101011101111011100110011000011001111  
0010000001110111100110000101010011000001  
0010010011110111000011101000011011111010  

TAMANHO 41:
10110100100001100100001010010011111010100  
11101101111011000111111100010001110000111  
10011011011001100101100000000100010001111  
10101001011001101011101110011110010111111  
01010111111000101100110101010011000101001  
01110100010100001010101001111010000111011  
00101001011010110100110001100101000001010  
10011010100000100100100011000011111000001  
10011011111111001101100101100010000101111  
00111100010010001010001101001110011010001  
00000000111001000111000011011101001111111  
10001100111100111011000000000011110010101  
00100000001000001011100010000110000101111  
11010100110000000001100001111111011100001  
11111010010111100000001010100110111010110 
00111000000110000100100011110001110100100  
11110111111010100011011101110111111110101  
00101001110011011011110001101110110011011  
01100101001110101110101010010001010110110  
01011001011111111001111001000000110010010  

TAMANHO 42:
001110001111001011100101101000110001010000  
011111010011000000111001000001110011111000  
100111110000101100101000101011110001110001  
101000001010111100110001011011000111001101  
111100011000001100011101111011001011110000  
100010111100111000010010111111100101111101  
110000001101010111100010110100011101001011  
001011011101100011100111100101001010001000  
100111010001111001001111101111010001111110  
100101111000100000100001011110010110111011  
100111111110111110011001101000100100110100  
010111001100010011000011010001010001101100  
000111010011000001011011111010010001101010  
010000111110110001100000100000000100001111  
111011111000010000001010111010010000101000  
000000010010110001111001011011111010001000  
001001111100100011011001101110101111001001  
001000001010000111110001101111100001100100  
101110100010100001111111000101111101000011  
010101011101011110100010001110110101111101  

TAMANHO 43:
0111000110011000000000110110111001000110110  
1001001101100010011111001000100011011011101  
0101101111011000110010110010101101100001111  
1011100011110000111110101111000000110000001  
1101010001110000100011001011000010110100011  
0001010110000000011001100010000101001000001  
1010010100110001011111110010001010101011001  
0101111011010000111011111101101000011001100  
0111100100000100101011010101110111101111111  
0001101011110100000001011000000011111111100  
1100110011011000100000010110100000011111100  
0010101110011110011010001110101101000111011  
1101000010101000011001101100010000001011111  
1110111001110010100111001100110101110111010  
0011001011011010101101110001110111100011001  
0100101011100101110100001110101100100001101  
1000000100011011000001110010001011000111101  
0010011010111110011100011011101111101001001  
1001110111100010010010011001100100011110110  
1101111001001101000100110011100110000010000  

TAMANHO 44:
00010111011111000011111111011001111111101100  
00011011001110010111110001011110101011101000  
00101101010010111100110101001000000100100010  
10111010111110111011101010000100111000010010  
01011010100111010001001110010101111110000100  
01000000001101010110110010101011100001010000  
01100110011001110010101111110000110001010011  
00010101110111101010111010100011111100001010  
10001111100111111001100010111000000110100000  
00010011010001001110100000000100100011000100  
00101001000000000001111100011100111011101111  
11010100001000101001101100001001100101100011  
10011011100000101100101101011000001100011001  
11010111100101111011101110110110011100110111  
01010000110110100000100000111001000101000011  
11010110011101000001001010110101111011111011  
11000101111011110011011101010001001000100101  
11110111010111100011011001111110110101000100  
00010110001101001011111011100001011010011101  
11110001111001000110100000100001001000000001

TAMANHO 45:
001001001001001001000011011010111001001011110  
011110010101001101111110101110001011110101101  
001001110100110000001000110010001010001001001  
011100011101000001111110011111000011111010000  
011001110101010100111011101100010000001010011  
110100101100000011110001010111010011000010101  
010110110010010101100000110101000101010011110  
000100111011100100110110011111001010110000110  
000100111000010100100101010111000101100000011  
100100010100011011010111101101011001011000100  
010100100001110100110110101010011001011000010  
110010110011100110110011011100000110101000011  
101100111101101000100001010011001100011101100  
001000101110110010010001101000110110101010011  
001110011100101010100011010101001111011110110  
110110101000110011010011001001001100010111110  
010100000000001111010101001110110110110111010  
001101100111101111110101000001001101000110110  
111101110010101100001100010001001001110100111  
011101110110011110101101010111111101110000111  

TAMANHO 46:
1110111011010100011001011111011110110001100001  
1001111000001000011000000100110011011011000110  
1100101101100101001101010110101100101000011000  
0111011000111101110101111110010011001000111110  
1111100001101011000101000111001110000001001111  
0110100011101110000101000001111011000000011000  
0110110000111101100011101100101110111000011111  
1111000011101000100000101000001110101110101010  
0010101110100011101000001111001110101111011000  
1110011111001011100000101111001010101100010010  
0100100011000000010001001011100011101001010100  
1011100010010001111000101100000011001010110101  
0100000001000010100100101100001101111001001100  
0011110000111100000100000100100011110100111011  
0000011110011000111010011111001010110011111011  
0110100110110001111011011101110000110010000000  
1101010000000101110110101110010010110111010000  
1110000101100100110100101001011100110110100000  
0101110000110001110001000001111100110001010111  
0100011110101111000110111100111111100000101011  

TAMANHO 47:
11101110011001001010100011110100110010100100001  
10011100011101110110101110000011011111000011010  
10101001011110110111110111000000010010000111011  
01000100001101000001000110110100111010011101100  
10110000100100111010110010100001111101001111000  
01111000001110001011010111111111001011010010100  
01110001101111010111100100110100000001101010101  
00101011001110010010110001110010011110000000010  
01100010011010000001111001001010000010110011110  
00111011011100100001101110001011110111101010110  
01101010001000000001010001110100101111101010101  
10010011010000110010101010110011100100001100100  
11110111011001001101000010100010010100111100110  
01011110000111001000001010111011111011010000011  
10001111110011001100111011010011011111110110111  
01100000110110111011010001011100011101110111010  
01111110101010011110100000110011010110011010011  
01010101000000111000100011001101111001011101110  
01111100010001011010000000101100011110010100100  
10000010001000010000111101000101001100110110101  

TAMANHO 48:
000000111111001010100011010001111110101111010101  
010011000111001010000001111100011101101010011000  
000011110001011000110101001100000110111101101100  
011110011110000100000001000111000011111101010000  
101010001001010101100010011011000010100100110001  
100001011011000000110000100111111010101011100000  
000111010111011100011001011110011001000110001011  
100010110000000001111111011001100111011110001010  
110110111101001101001000101011111010111111010100  
011111011110111010000011100110001010101101111100  
001011011100111011111101100000101011111100001101  
011111011010010101011011110100101011110010010111  
010111111101000101001111101010001101110001111110  
000101111000010100010110110000111101111100101100  
100000111101011000010000001011010000100100111110  
001011110110000101001100001010100001010011110110  
110101110111111111001111110101101001101011100110  
101100111000001010111001101011010101101110010101  
001101101100000001010111010101110100111100101011  
011000101001001000001000101001010001111101010000

TAMANHO 49:
1000110010100100010111110101111011101100011000010  
1001001010001001110000001011000110110111111101001  
0111100010001110000100101101000100001000111111001  
0011000001010000100110000011101010001111000110011  
0010000100111111111000111100010101111011101011101  
1101100110001010110101001011001110110011110101000  
0100101100101011001001000100010101001110011000000  
0101001001100001000010110100100011100000101111010  
0011110100100010110100010010111011000000101011111  
0100001010111100101110010111100010100010001011011  
0000001010111000100111011000101011100000010100001  
0111111110111101101111001100111000110010000101010  
0100010010001101000001110010011011010110100000011  
1100100011110010000101100110000000011101111011000  
1110110101111101100001100101011100001111111000101  
0101100011001110010011001001000110100101001010010  
1110100000011011111100000010101000011111100101101  
1100101000001101100100011001110010111000001100100  
0110110011011011010000001011101011101010100100111  
1011111000100110000111000001010111010000001011001  

TAMANHO 50:
10010010010001110001110110100010001111110100110111  
00111111001010110111100101100110110010001101000100  
01011101011000001010101111110000001110100101111101  
11101010010100011110100010111000110101100011100111  
00010100100110111000000111100101100111100101101001  
00111011001111101110011101000101010111111101101100  
10011011010011000010000010110011010101011001101111  
01001010100110001000111111100011010110110000101101  
01011010011001010101110011010110110101000011111001  
10110110001101001101101010001100100000110100110000  
10000100110000110101010111000001110111011011010001  
10000011000101011011011011111111110110111001110110  
10110111110011111011000011100111011000000011001101  
00010101110011100110110010100100000010111111101100  
11110110010111011110000011100110110100101111110000  
10011011000100000110100011001111010101010000101010  
01101000011101001111000101110011011110101000101101  
00011110001101000111110010001100101110010110110000  
10100101010000110011111011100101011001011110000011  
00000001110111000001011011110100110010111011111001 

TAMANHO 51:
001111110111011100110011001110011101001010100110010 
000001001110111110010011110011101110011111000000110  
101001101100000111010000001101101100011011100001010  
101001001010011010000010001110001011001011000110111  
011111001010010111110001001100101000100001000000000 
101011100101111011010010111100011011111000010011101  
101101010010110011010011100110001110101010010010000 
101110001100001000101110011011110011000111100011101  
001100001110000100101111000101010010110100011101111 
010001100000011011101111111011001100000010010111011 
000110001001111011111000001100000010100100011101010 
110011101111011011110100010001011111010000001101000 
101101000100101010001011001011000111010010100000011 
001111101000000011111011110111011101110111110100000 
011000101110000000111100110011111011011010110000101  
110101001101011001111011001101010101111110110010011 
001101101111000010100011101100100011001000010011011  
000000110010000000100011100001000000100110000011100  
101010110110101010011000110001000010011111010000010  
101111111111010101110010010100001101011011110110010  

TAMANHO 52:
0001000101100011000111011000111001101100011111001001  
0101110100110111011000110000101110111001000001010101 
0101100100010001011111111010101000000001111001111101 
0011011000100101000111001110111010000000110000011000 
0001111010000001001101000010111000111011001111010011  
0001110110110101111101000000101100101001101001000001 
0001101000000010011000001110111010101000101101110101  
0111101111100100001001001110001110110010111010111011  
1011100111111001101000011001101001011111101010100001  
1011100011000010000100110100100111101101011000011111  
0001001000011010110100010110000111001011100011010001  
1100111001100011001000101111010111000100011010011001  
0100110100100111000101010001001001110000100000110001  
0101110001100011110001110011111011000010001111110111  
1010011100101110000101100101011000111000101001001010 
1000001100010001110111011000000101100101110011010110  
1101111000101010000110010100000010011101110011011011  
0100010110001111110100000000101100000111011110100001  
0000001011011110001110110101111101101110110010010011  
0101000011100011111100011001000011010011000000110111 

TAMANHO 53:
11000100000111111011111010000111000001001011101011001  
00001110100000001100000111001011000010001000001011000 
11001100111111110001111000010011111000000110000001111  
00110011011010010111010110110000111001111100010111000 
11010101000001111111001100011011001111001110011011110  
01111110001100001100111110101001001010001111000000010 
01001001101000101000010000111110111100000011011001011  
10100100010101011000011101010110110011110010011010010 
11000010100000000001110010001010011011001110011110111  
10000111101100100010100011010011100100111011000110001 
10001110101011010010000001011100011010000111110000011 
10110101010111011111111101001100110101001001100010000
00101110110001011101000001000011110011100000000111000 
11110010101110001000010111000010001011010100111100111 
11101101011101011011000000101000110011010111111100000  
10011001100110111100011111111111111000100000011000000 
00101111010011010101110011011011101001000111001000110  
00010010110010111111100111110101011101010110110001101 
10010110100110100000100101100101001100110100010101110 
00011011011001001001011001101000100001001110001001011 

TAMANHO 54:
100011100110100010111101100110100011000010101010010110   
100011001100100001101101111111110100001011011111110011 
001110100010001011101001111111010100000011111111101110 
111010011111111100111110111101110011011011100111000101   
101100001011100000110000010011000001100110001011110010 
111100001110100100111000111001011001000101011011100111  
110111100011001010100011001011000110000010100001001100   
101101001011010000000000011111000111110011000110100101  
011011001001010111100001111110110000101100001100111001   
001010010100101000011001000101001100110110001111101101  
001000010111010011111011000011001110001001001011000101   
010001010001111000000010001101001111011001000111011000  
001101010000011011110110011001100000001001100101000000 
011010011010001011111010001010100010000100111011111010  
000011000001001100001100101100100100000001111010011110 
010011000111110011111000111011011011111101110010100101  
001010110010110110111110011101100100101011011010101111   
100111000000100101100100101001100010110010111111101001  
100110001100011000010110001101110110111001001011011110  
101010111100100110100100110010101001110001010100010100   

TAMANHO 55:
1111111100111010100000100101000110110111111011110010100  
1001111110101000100100111001010110100011110110111010001 
0001011111111000110100000000001111111000000001001110011   
0100010110011111011110100100010110100010111001100001100 
0011010011100101110100110001010110110100000001000100111
0100111000011010101100001011001011010111011011100110010 
1011010000001010110111110011101101100100001110100111111  
0011001010001100010001111100111011001110000000110011100 
0110000100000100000101010100100100110001101111111001100 
1111011110011011111111110000011010001111011110110010110   
1011111111110011000110001000000001101111001000010110001  
0110010011101111101111111101111011110100001111100000110 
0001100000001000010011001111010110110101110011001011110 
1110111110001010010110110110000000110001000101111110001 
1000000011111010101000010111101000010111010101011001110   
0010011110011101111111100001010110100010101000010111000
0111101001001100011101101011001101001100100101101110101   
0111010111101001001011011001100010111011001010100011010 
1011100111100000010010100100011110000110011110011100000  
1111100001011011010000100010101001111111100100000010101 

TAMANHO 56:
01001110100010100010110111111110101000001101000001001100
00010110000110010111111101010001110101100110100100101011 
00111000101100111010111011001001011001011001011011000001 
01111001001010111110011011010000100010010100000100010101 
01100011110011011011101001010010011001110011000100101011 
00111000000101110110000001111100000111100000111011101001 
00000000001000011000111010010001010001111101001000100000 
11101010110011011001111110010000101110101110011100110011 
10000011101110110010000000100010101100111010011110000010 
00101010110101100110110011010011011100011101001010100000 
11111111001100000011001001110100001100110011010000110100 
10011101011101001101100111001111101000101111010101110000 
01011110001101110111001111000001001001101101001000011000
10011000100111011000101101000101001001010001000100001100 
00111010001010110001110011110010111101000010001011011100
00111110110011011011000110001101011010000101111010101101
00000100001101011101011110011000110011010001000010001100
10111101101101100110101101100000110010110011101111100110
01011101001100101110110000010010110011011010110011001000
10000110110010001011111111001101100111111001101101110011

TAMANHO 57:
001010100011000000110011111010111101000101010111010110101
000101111011111000011111110000010010011101100101010110111
011001001110000010010010111100001100011000111101101000010
001100101101110100010011101011011110010101011001001110000 
100111010101111000111011101110111011101111011100101100100 
011111010000000101111010110001010111011110001011110111011 
001101000100001111111000011111011000011010110101010011010 
101110011111000000110110000110010101111001011100101001010 
100100000000101001101010101000101011111111110000111001011 
111001100100100110011100101100101101110100011000001010000 
000101101100111001111101101011000111001110001010100011000
100111000011010011010001010101100101111101110100101001100 
010111011111100101111001010110100100100000001110011010010 
010010011001101011001010000111011111011100101001010101110 
011100101000101100101111101000110000100101100111111100111 
101000101000010110001100011101000111011100010101010101111
001110101011000100011000111100010100010101110110011101100
110110000001000101111110110010001101010000000001001110111 
010100101110010111011000100110000011111101001000111000111 
101000000101111101000101110110101101001011011110001101010 