0011000011010110001010001111100101101011010001111010111110
0110100010110100001010111000010111110111001111101100111001
1110010100001100000100001101000111101110111111011001000100
0010111000110010101100001101001010000000111101100101011000
1001010111011111110001010000101110111101001001100010110110
0111011010101111110011000001110010110001110110111101011100
0000011010011101110011111001010000110101001101111111000101
0001001001000100100000000110000001000101010010001111001000
1001111100010101001100011010100111110111101011100010000010
0100111000001011101000101100000110110000100110011010011100
1101010101000110001010111010101010010100111011100100110111
1010010110111001010111010001100110111100000111110101101011
0110101111110111110011100010010010110110000100100101011110
0011110101000100111001100111010101111000010101011001011111
1100000001111001000100101011000110011110111100010110001001
0111101000010101111000001001110101011110101011011110110001
1000110110000010110010110100010110011101001010011100011101
0001011011100111001000011001011101001001001001110000111011
1101101010110011101100000000001110011111011010101010001100
0001011101001101110101100001101001110001101101100010000110
n = 58

00011011001111110101100000011011110011100110001101111001100
00111011000010100000100011001100100000001101010011111101100
01011110110100111100011000001010110010011000011010010111101
01001101100000110001100110101000000010000100010001101110010
10001111101000110011000100110010100011100110010011111101110
10100001101001000010010100000111100111100010011000111111101
00011010110001110101001110001101001011110101101110100101111
00010111001111000011000110001100001000111001101001100011000
00000101000000111011100100100010111110100001010010010000001
01000010100010010000101110001110100101100011000101011001001
11100100100000100110001010010110011000011001000011001100101
10011101000110000111101110001011110110010111010111110110111
01110111101010011110000000001001011010001110101100000001101
00101011111011010101001001010101000010010011000111111111000
10000011001001110110011101001011001101101101001000010011000
01011110100100101010101100111100101001000010110101000111000
00101001001010111100111111001111100010001100010000110100100
11101011110101111100111011000100001010000010011100100000101
00001001000001100000101101100001000110000000101111001101011
11000100011101100100011100100001001100001000000101111110010
n = 59

110001111001100110100011010100101001100101010000101000001001
011010100111111110000111100101011101000011010100110010010100
110001010001100000001011101100111000111110010001010100000100
100111010010010011101111001100100000000010001100000001001001
001000110001111001100100011110101100101111111011101110101001
010011111001001000101101000101011111000101001011010001010001
101100011111111011101111010000101011101100101011000000101001
100100110001101100000100111011100001001101101100100011111111
100001110100000101110100100010100000001100001110010100110000
101100101010111110111100010100010101011111111001110110101111
010000011001011111000010011111010001110011110010110111101000
111011000110100100001011010101001011000110001100110111000010
100000010011101100010010110010100001101110100001001110100010
000110010010001100111001111010000011101110100111101001101000
111100111100100010000111000101010010110000100010100001100111
100000101101010001010100001011101100000000101010011110010101
011000001000010100010111110101010010000101011101010001010000
011010111111011111110000000101110010110100111010000011001010
111010100000111000101011000101010000110010001101100110111000
010100010010001101100011110111000100010000010111110100011101
n = 60

1001111010001010010110101011101000010100101000000011000111100
1100000101010111011110010110001001100001110011111011010001011
0001110101110000101101111001110000101101010010110001010110000
1011000101011111100001001110110100011110100101011011111100101
1010001101011001100000111011111101101101010000100101011110011
1110100111010000111101111110111111110111010000111010010011111
0011001100110000100111100110111111000110110101100100001110111
1111010010011000001111111100000010100111011100011010001001111
1001010001101101111000001011111010101001100101111100101100110
1011001101111110100110001000010111100100110100000010110010010
0101101001000011010110100000110111110011110100000000100110110
1101000101100011101000100011111000100000110000111001101011001
0000111100101011010111011101110001010110100110110110000101110
0011011011111010101100101011010100010110111010001010001001100
1100111111000111011000001100101000111001101110110001010110010
1001111000111110011101110111101000001011110000111111101011010
0111100101011110001110101000000000111010100011010010110101001
0100101101110001000100100101011110111100010001010010101111111
1011000011111001011101001111110011110010000111001011000101001
1001000101011000010100010111000110011110100000100101110010101
n = 61

11010000010111101001010111111011011010101111001000101000101110
01011101000000001010101100010000000111100010011000101111100011
10111010100010001110000100001000111011100100001111111011001111
00110001100101111010000001100100010100100110110010001101010110
00011001110010101001110010011101110000101111100100000010110101
10111110010010011011001001110010001010111001101010100011100111
10010010100100100011001111100011000110100010111101111010101000
11011101011101010100011001100001011100110110010101001100100001
00010011001100011111100110010001101011010000000110010001001101
10100000100010110000111000011000101100111010111010011111100101
11110001011001101000010000000001100000110010111000110001111010
10010101011011011001000101011110111010101010011100110010010011
10100001111000111101100110011000100010111001010001000010101000
10010100110000100011000110101101110010010011111000111001010010
10011111110110001011110010100110011000010011001110110001101010
11110101110000010111101110010001101100101111110011011110110111
00100100100100101010101010000110000101010011110110111000100100
00101000011011010010011010111010111010001000001111101001110101
01100010111101101000011010011011011011000010001010100100001110
10000101000011111111100011000111011010101100101110111101010000
n = 62

100100101000110101000110110011011001111011111111101111100000011
100001001100001011001111010110000110001000011011010100110001100
010110111011100010110110110000100010100111110111101010010101100
000100111000000101100000111101101000111110110111111110101110101
100101110011010110011001010110010010011100011010001101111111110
000000101110110100011101001001001011010010001101101001010101101
111001001000010000011010011011101100001010111010111111001100101
010001000110011110000001011001010011111111101000001111011010101
000100100101111110000101010111110010010011001100100011100101110
100000111001111100110111111100111010111100101010001000010000101
011000110100101001001101111111001000000101001001011111101011110
111101111011100111011110100101101111110110001101000101000010101
101001001011101111001111000100011010000010101111110010101100001
000001101001001111010100011100010111000110010101010100111000111
011010001000101001001000011001101000011000110110010011101010001
111111101000110101111000001110110101010011111011011101100001001
000010011111001010000011001101000010111101001100110101101010111
110000010110001101101010011000101101000011111001010001010100100
011101011100100001010101011111110101001100111001100001110101001
101000000000101111001011001010101001011101100011001101110111111
n = 63

1010111001001110011111111110001111101110000000101000001110101010
0110100011000101101100101100010101100011011011110000010100111101
1010100010010010011101110101100000111101101010111101001011110111
0111110101111001101110110001100011010001111010101101000110001111
0001011001001101100100101100101000110011011001100010011100110101
1101011110110010111100101100011010100111101000011010010111111000
0000011011011100110010010101011110100001110001111100100011101000
0101010010001101000011100011010001011011011101101000100110110111
0101011000001000001111011011001100111011010011001110111011101011
0101010101011000011010100001010101000111110110000100100101111000
1011001001110010010100011011101110010111001100111100111010010010
0001001001000011101110101100100010110111110100100100110110010010
0111101001010100100101011100100100101011101010010111010101100010
0101100010000011011101101111001000111000110000101001110011000010
0111011110101000100011100101001100001101010101111110010010100111
1000110001100110001100100110100011110111001110001100101100010101
0010011001110100010101101111100000010101101110001101010100010000
0111111100000010110111011000001011101100000101111001110011110001
0011100101100101001111110100000011011001101100000001100011111011
1100100100001001101110011101000000011100110111010000101111100111
n = 64