0.000045
0110101111 0.000001
0101111111 0.000001
1010101100 0.000003
0010111111 0.000001
0001010010 0.000001
0010100110 0.000002
0000011010 0.000001
0001111101 0.000002
1011010000 0.000002
0010001010 0.000001
0101111100 0.000003
1100000110 0.000001
1111111010 0.000002
1111000000 0.000001
0010001110 0.000002
0011010111 0.000001
1011000101 0.000001
1001101011 0.000001
1101111000 0.000002
1110001111 0.000001
0.000001
11100100001 0.000002
01010001000 0.000001
11101111111 0.000001
00001110001 0.000002
10001011001 0.000002
10010100100 0.000002
10000111010 0.000003
10111001100 0.000004
00110100010 0.000002
10001000110 0.000002
10110011011 0.000002
01001000111 0.000001
01010111101 0.000002
10010010110 0.000003
00101100111 0.000001
01110111000 0.000004
01001001010 0.000002
01100001110 0.000002
00111011011 0.000002
11110100110 0.000004
0.000001
011001001011 0.000001
101001100000 0.000002
000011011011 0.000002
001100010010 0.000003
100110111110 0.000003
111001100100 0.000004
011111000010 0.000005
111110010001 0.000004
000010111000 0.000004
110000011111 0.000001
101001111011 0.000002
001101101010 0.000005
001011110010 0.000005
100101000110 0.000003
101100101110 0.000005
111101100100 0.000006
100011101010 0.000005
110101101110 0.000004
000011010110 0.000004
001011111111 0.000001
0.000001
0111010010110 0.000004
0110010110011 0.000002
0111011000000 0.000002
1001000001011 0.000001
0101110000001 0.000001
0000001100100 0.000002
1000111001010 0.000004
1011001001101 0.000002
1000101010001 0.000002
0010011111010 0.000004
1011110010000 0.000002
0101100100110 0.000002
1111110011010 0.000004
0101000100111 0.000001
1010011100011 0.000002
1101111110100 0.000006
0111111001010 0.000015
1000001001000 0.000001
0011010000110 0.000002
0001110111110 0.000004
0.000001
00110110000101 0.000009
10111010100100 0.000021
10111011101110 0.000008
10011010001001 0.000008
00110010101111 0.000002
10010110001010 0.000014
00000011111010 0.000018
01011100001101 0.000008
10010111001011 0.000006
11010001010101 0.000007
11110001101100 0.000024
11001001011000 0.000015
11011101110001 0.000014
11111000010011 0.000007
01001101100110 0.000017
11000100100111 0.000002
00100110111001 0.000011
10001101100000 0.000013
10100110110111 0.000004
10011100010001 0.000008
0.000001
001111101000010 0.000025
010011110001001 0.000015
100010010101010 0.000014
010111010010001 0.000014
001111000100000 0.000011
101010111100111 0.000006
110000011010011 0.000005
011011111000111 0.000007
111111100010110 0.000024
010101000000100 0.000005
011010011100111 0.000006
110010110010010 0.000019
011000000110100 0.000015
110111001010011 0.000009
000111000010001 0.000005
010011001001000 0.000013
111101100110100 0.000033
110000010001101 0.000005
001000011100110 0.000018
000101001100011 0.000004
0.000001
0110001100111110 0.000023
1001001010111001 0.000018
1110101001011001 0.000016
1111010101001100 0.000030
1110010010100001 0.000005
0010000100001001 0.000002
1100101100001101 0.000010
0011010100011011 0.000007
0010001110010100 0.000021
1001110001010001 0.000007
1111110111000001 0.000016
1110001101110000 0.000024
1010110111111010 0.000021
0010001100001100 0.000013
0110000010100101 0.000005
0000101000001010 0.000004
0100000110000001 0.000002
0000100010100000 0.000003
1000001101110000 0.000020
0110100111010100 0.000029
0.000001
00000010011001110 0.000036
00110001101011010 0.000044
11010010010100010 0.000015
10011011101010101 0.000027
10101001000010111 0.000002
01111111010000111 0.000009
10100000101000111 0.000002
00110110100100100 0.000027
01111000000101110 0.000024
11101010011000100 0.000024
00011010110010000 0.000023
10111101111100000 0.000054
10011100010000100 0.000005
10000111001011111 0.000003
01101011111101110 0.000015
11101111110011110 0.000022
01101101111100111 0.000008
00100111110101011 0.000013
00010010111010011 0.000015
01110000111001100 0.000041
0.000001
101110101001011100 0.000088
010010011110110000 0.000096
100001000001111010 0.000052
011101111011111111 0.000001
100000010000000011 0.000001
001100000110100010 0.000021
100110011111110110 0.000034
001010111111010011 0.000024
000010010101111111 0.000001
111100110001101100 0.000075
000010001011010000 0.000038
000001111100110001 0.000054
001101110011001110 0.000063
000000110010011011 0.000013
110101101000001010 0.000026
000101000101111011 0.000017
100000001010011111 0.000001
110101001100110010 0.000058
001101011111010001 0.000054
010111100110000010 0.000035
0.000001
0110100110011101100 0.000172
1001101001110100101 0.000069
1001010100011110100 0.000142
1010100010011001001 0.000030
0001101010111111000 0.000168
0101011000000010100 0.000021
1001011010011010101 0.000067
1011101000011001000 0.000048
1011011011010011011 0.000038
0010100010010011001 0.000034
1001011100100101110 0.000108
1101011101001110110 0.000112
0011111000101001111 0.000011
1111011000011011011 0.000031
1000101011010100000 0.000062
0011010101100100101 0.000050
0101100100100100001 0.000015
0001110110111000111 0.000029
1010011100101110000 0.000134
0001001001111011001 0.000086
0.000001
00111000100111100011 0.000140
11111110010001101110 0.000330
01100000111110001100 0.000404
10001111010101101101 0.000177
01011110000111110011 0.000124
11100000010100011010 0.000144
00101001101111011101 0.000125
10000100100111011110 0.000301
00110000010000000111 0.000002
00100011011001100110 0.000332
00011001111110100110 0.000356
01101001100010000010 0.000056
01110011110001001111 0.000035
10011010010111110101 0.000189
00111100101010111101 0.000147
00011000101000001000 0.000024
10001100000101000101 0.000030
01010010010001010110 0.000197
00001100001111011110 0.000259
11111010011111000001 0.000262
0.000001
010111110100011001101 0.000470
111011111111000110011 0.000296
011000101000001111111 0.000005
110010110111011010111 0.000147
011101000111100101111 0.000085
000111110001110000101 0.000380
010101111000001110011 0.000246
111000010010111000001 0.000243
100010011100010010111 0.000072
010110100011010111010 0.000914
000110010101110101011 0.000271
001000010000101110110 0.000556
110000001001001110101 0.000282
010011111101100111100 0.000944
000110101001111101111 0.000059
101010010000111010100 0.000696
100110000100010100110 0.000283
111111110010000100001 0.000271
010100101011100001001 0.000281
111000011111101010010 0.001005
0.000002
0111011010000111100110 0.000455
1001011000011111100011 0.000194
1000000101111010010011 0.000153
1111110010110010110001 0.000245
1010001001010001011010 0.000342
1100101111111110101100 0.000538
0010010101111111111101 0.000037
0001111111010111011101 0.000154
0001000011110011001010 0.000423
0001101010111011110110 0.000321
0000111011010010011011 0.000121
1011111100101101101101 0.000250
1000000100011001001110 0.000309
1000100110011001110101 0.000259
0101111100001100101010 0.000314
0101100111101000100100 0.000211
0011100111011110101110 0.000324
1101111000100001000011 0.000010
1111110011111101101001 0.000336
1111001111010110001110 0.000428
0.000002
01111110100110011110000 0.004076
10110010110111001010110 0.002665
01101000001010001000011 0.000081
11111110000100101000010 0.000863
10100100010110010110011 0.000730
00001010100111101111101 0.000680
00011101010110001010001 0.001124
11101001100001011011110 0.002186
01111110010111100011111 0.000166
11010001110111010010010 0.003087
00010011100111111010100 0.003357
10110101110100001101101 0.001320
10000101111000011100010 0.002374
10011101011110011010100 0.004549
00001101111110000110111 0.000431
10101101010010111111100 0.002081
01101010000110010011111 0.000061
10111101000010010001111 0.000087
10000111101010001101000 0.002924
10011101000001000100101 0.000322
0.000002
010111110111100111011101 0.000965
000010111010110100101000 0.003069
101111111011101000001100 0.002896
111010110100001011100100 0.003096
111111011100001110010001 0.001809
111001001110010000001011 0.000172
100000101101100011011101 0.001581
001100101111111010010001 0.002589
110011001110111101101001 0.002175
000111110010001000100110 0.001098
111011010111100000100110 0.002062
100101011100011011111110 0.001130
011100100100001000100001 0.000089
111000111000100010011001 0.000864
100000001110111010010101 0.001822
000100100100001011001000 0.001008
101000011011111010011000 0.005984
110001010000110011000101 0.001197
010110000011010110011111 0.000230
100010000010010110011110 0.003836
0.000002
1010011110000110100100011 0.002204
1001110001110110001000011 0.002283
1101111101010011000000101 0.002331
0111101010111111100000110 0.010745
0010100111011011000111110 0.005545
0101111100100001110100101 0.003192
1011000001110111011010101 0.003865
1000011100011011110100010 0.007731
1001100011101111000100110 0.006805
1000111100110011100010010 0.006050
0100101101011010010111000 0.009375
1111100000011001011000110 0.003744
0110010111000011001000110 0.004072
1111101001010000101110011 0.001639
1001111101010110011001010 0.007590
1101111011110101010111110 0.002221
1011101000110110101000100 0.005965
1010100001001001101011000 0.005290
1110111000101100100000101 0.001093
0110101001011010000100111 0.000520
0.000002
01011010000011100100001101 0.001482
10000001011110101001110001 0.005238
00000100101001110001100111 0.000981
10011000010001101101101011 0.002317
11111010100100000001110001 0.001078
00000111000011100001011011 0.001013
10010010011101110110010011 0.003166
00010001010011100110001100 0.007237
10111110000110101000101000 0.002888
00000010110111100000001111 0.000276
10100011100010010110001010 0.004440
00111110110011111001110110 0.005455
11100010010101100000000001 0.000136
00101101011101100111100111 0.001353
11110101111010111111000111 0.001161
10110110010110010111000100 0.008663
10010010111110110110010100 0.011200
00001101001011011000101001 0.002981
00101101001101011000000100 0.002072
11001001110101010011100111 0.001519
0.000002
000011100010111100110100001 0.037651
101011110101100011111111101 0.006512
100010111000111011001110100 0.080130
101111110011110100101000001 0.042775
011010011000110011110110101 0.032797
010100111111010110001100111 0.011216
100001111101011011110111011 0.005376
010011111101101010000100000 0.045840
000110100010100011010000111 0.003272
010000111011011111101000011 0.024117
101101101001110111100101010 0.063518
000101110011000111111000000 0.074307
000000000101100001011011000 0.024220
110011001010101010000111010 0.050378
101110000001101001110110010 0.059277
111011111100010001000010011 0.009790
110000000011100100001010101 0.006883
010010100001101100100100001 0.011363
100110111011011110110001101 0.025094
100110111111110000000110110 0.056789
0.000002
1100001111001001010000001101 0.003415
0011011111101000100101101011 0.006890
0111011110100110101101011010 0.025094
1011011010011011100001100100 0.024133
0000110000001011010101000011 0.003667
1110010011010000011111110001 0.018279
1011100001101000101001111100 0.029732
0000001010000111111101101000 0.035846
1010100000110000110001010110 0.011206
1100010101101110100101111011 0.004820
1001010111101010000110100001 0.009341
1001110110011111001101111111 0.000272
1010110011111100010110111010 0.021822
0010010011000000010101100111 0.001349
1101101110011100001010001111 0.001224
0111000010000101111100000001 0.006574
0111010000111010111001110110 0.019707
0000110101010011111001010110 0.023422
1101111100000010100111100000 0.016554
0101010001110110000010011000 0.013147
0.000001
10000100000011000010101111010 0.081858
11011010010001010000101100111 0.007246
10101101100101000000011111110 0.098902
11001100000101001100101000000 0.023889
11110111111101111110110001100 0.062345
00111011010101011001101100100 0.170919
11001010101001011000110001100 0.098625
11111010000101100100000001100 0.024672
11011001110001001110101010010 0.129221
00010101100001010001100001100 0.038972
00100001000100000000010001001 0.000150
01011101001010110111100011110 0.078514
00100101100001011111110101011 0.031725
11001011100100111110101110000 0.181677
10011010100000001001011011000 0.066727
01001111100011100001110000101 0.053547
00000001111011110011111001011 0.029063
01111110010000010001101111011 0.025543
11100001100100010011110000101 0.034031
00100111111111010001110001011 0.038450
0.000002
100000111101100101110100000111 0.023251
011001001100001100100011000101 0.023575
101100001111111100001010000110 0.107877
000100101110011011111010111010 0.095839
110111011101001000100010111110 0.122126
010101111110010101011100011010 0.166871
001010010010001100010100110100 0.084633
000010000011001101000101111111 0.000635
000010100110111111010101100010 0.181596
000011000101011000011101010100 0.152973
110001100101110010000000101111 0.001460
001100001000010000101010011111 0.000821
001101000100000101100110001001 0.025497
101100000000010101110010111100 0.199461
001111010110010110111110100010 0.182010
101101110001001100001001011100 0.133357
010010110001100110110000001110 0.081726
001011010100000111111000110001 0.093616
000111001100000100001010010111 0.003251
011100000100000101100010100100 0.030450
0.000002
1111110000111001100100001110110 0.174741
0111100001001110100100101011110 0.169298
1110001100111101101111011011011 0.023430
1111111011111011101001001010010 0.235900
0001011001000010100000101011110 0.116066
1100001010110011111100111011010 0.153471
0000011111101000111110100000100 0.202113
1101000000100101100010001001000 0.017538
0001111100010110100010000001110 0.060372
0010000010101000010111101000111 0.028269
1101111010001110001000011100001 0.060774
0110100011000100001111011000110 0.180249
1011101010001110000010010010101 0.026372
1000110000111101011100011011000 0.288508
1100010110010101110011101101101 0.087532
1101001111001011110010011101101 0.091511
1100101011111111000001011000101 0.107176
1101111001110101010011001100011 0.073932
1111001100010101011010001111110 0.153087
1111010100110000010101100000000 0.021857
0.000002
11100001111111101110010001000101 0.485149
01110001001100000101011100101100 0.877203
11011010111101010101100100101010 0.931852
11000011011111101101101101110001 0.452852
00000000100001000111110101100010 0.766237
11100100000100101001000111111001 0.503584
11110101001011111100010110111110 0.364855
10110111100110110011001111101101 0.243297
01110010011101101001110100011110 0.711322
10001010001100100111011111010010 1.009433
00100101101011001110111110110000 1.153360
01001100010101011100010101111011 0.200495
11111010100110101000011000011001 0.267683
01111110100001110010100000010111 0.034957
01000011011001110010111011001001 0.655457
00001011100101011100001010001110 0.580106
10000011111111000011010111110100 0.947890
10000111011111000101010001110111 0.109004
01110101111101100000011111011101 0.293987
00100000111000111000111111101101 0.274592
