0.000001
0110101111 0.000008
0101111111 0.000008
1010101100 0.000004
0010111111 0.000010
0001010010 0.000011
0010100110 0.000009
0000011010 0.000011
0001111101 0.000010
1011010000 0.000004
0010001010 0.000010
0101111100 0.000007
1100000110 0.000003
1111111010 0.000001
1111000000 0.000001
0010001110 0.000010
0011010111 0.000019
1011000101 0.000004
1001101011 0.000005
1101111000 0.000002
1110001111 0.000002
0.000001
11100100001 0.000003
01010001000 0.000015
11101111111 0.000002
00001110001 0.000020
10001011001 0.000010
10010100100 0.000009
10000111010 0.000011
10111001100 0.000006
00110100010 0.000017
10001000110 0.000010
10110011011 0.000007
01001000111 0.000016
01010111101 0.000014
10010010110 0.000010
00101100111 0.000018
01110111000 0.000017
01001001010 0.000024
01100001110 0.000019
00111011011 0.000017
11110100110 0.000002
0.000001
011001001011 0.000026
101001100000 0.000015
000011011011 0.000044
001100010010 0.000037
100110111110 0.000017
111001100100 0.000005
011111000010 0.000022
111110010001 0.000002
000010111000 0.000040
110000011111 0.000011
101001111011 0.000015
001101101010 0.000034
001011110010 0.000035
100101000110 0.000018
101100101110 0.000013
111101100100 0.000002
100011101010 0.000019
110101101110 0.000007
000011010110 0.000040
001011111111 0.000035
0.000001
0111010010110 0.000046
0110010110011 0.000051
0111011000000 0.000045
1001000001011 0.000037
0101110000001 0.000054
0000001100100 0.000083
1000111001010 0.000038
1011001001101 0.000026
1000101010001 0.000039
0010011111010 0.000071
1011110010000 0.000023
0101100100110 0.000055
1111110011010 0.000002
0101000100111 0.000058
1010011100011 0.000030
1101111110100 0.000011
0111111001010 0.000043
1000001001000 0.000042
0011010000110 0.000067
0001110111110 0.000076
0.000001
00110110000101 0.000157
10111010100100 0.000046
10111011101110 0.000046
10011010001001 0.000068
00110010101111 0.000163
10010110001010 0.000070
00000011111010 0.000166
01011100001101 0.000108
10010111001011 0.000069
11010001010101 0.000032
11110001101100 0.000010
11001001011000 0.000037
11011101110001 0.000023
11111000010011 0.000006
01001101100110 0.000118
11000100100111 0.000045
00100110111001 0.000148
10001101100000 0.000075
10100110110111 0.000059
10011100010001 0.000066
0.000001
001111101000010 0.000264
010011110001001 0.000233
100010010101010 0.000156
010111010010001 0.000224
001111000100000 0.000257
101010111100111 0.000111
110000011010011 0.000083
011011111000111 0.000190
111111100010110 0.000003
010101000000100 0.000226
011010011100111 0.000198
110010110010010 0.000070
011000000110100 0.000210
110111001010011 0.000047
000111000010001 0.000300
010011001001000 0.000236
111101100110100 0.000013
110000010001101 0.000083
001000011100110 0.000292
000101001100011 0.000309
0.000001
0110001100111110 0.000413
1001001010111001 0.000288
1110101001011001 0.000058
1111010101001100 0.000029
1110010010100001 0.000073
0010000100001001 0.000590
1100101100001101 0.000140
0011010100011011 0.000535
0010001110010100 0.000593
1001110001010001 0.000264
1111110111000001 0.000007
1110001101110000 0.000076
1010110111111010 0.000216
0010001100001100 0.000582
0110000010100101 0.000420
0000101000001010 0.000646
0100000110000001 0.000515
0000100010100000 0.000652
1000001101110000 0.000329
0110100111010100 0.000396
0.000001
00000010011001110 0.001357
00110001101011010 0.001117
11010010010100010 0.000242
10011011101010101 0.000529
10101001000010111 0.000463
01111111010000111 0.000678
10100000101000111 0.000502
00110110100100100 0.001059
01111000000101110 0.000738
11101010011000100 0.000114
00011010110010000 0.001205
10111101111100000 0.000348
10011100010000100 0.000525
10000111001011111 0.000636
01101011111101110 0.000779
11101111110011110 0.000092
01101101111100111 0.000769
00100111110101011 0.001139
00010010111010011 0.001250
01110000111001100 0.000753
0.000001
101110101001011100 0.000735
010010011110110000 0.001919
100001000001111010 0.001304
011101111011111111 0.001438
100000010000000011 0.001341
001100000110100010 0.002212
100110011111110110 0.001188
001010111111010011 0.002243
000010010101111111 0.002649
111100110001101100 0.000137
000010001011010000 0.002625
000001111100110001 0.002664
001101110011001110 0.002186
000000110010011011 0.002757
110101101000001010 0.000452
000101000101111011 0.002537
100000001010011111 0.001388
110101001100110010 0.000459
001101011111010001 0.002182
010111100110000010 0.001706
0.000001
0110100110011101100 0.003216
1001101001110100101 0.002138
1001010100011110100 0.002254
1010100010011001001 0.001850
0001101010111111000 0.005051
0101011000000010100 0.003655
1001011010011010101 0.002280
1011101000011001000 0.001682
1011011011010011011 0.001562
0010100010010011001 0.004554
1001011100100101110 0.002258
1101011101001110110 0.000890
0011111000101001111 0.004148
1111011000011011011 0.000214
1000101011010100000 0.002472
0011010101100100101 0.004343
0101100100100100001 0.003639
0001110110111000111 0.005698
1010011100101110000 0.001876
0001001001111011001 0.005009
0.000001
00111000100111100011 0.008465
11111110010001101110 0.000073
01100000111110001100 0.006797
10001111010101101101 0.004960
01011110000111110011 0.007063
11100000010100011010 0.001376
00101001101111011101 0.009259
10000100100111011110 0.005275
00110000010000000111 0.008912
00100011011001100110 0.009393
00011001111110100110 0.012684
01101001100010000010 0.006837
01110011110001001111 0.006425
10011010010111110101 0.004922
00111100101010111101 0.008335
00011000101000001000 0.009992
10001100000101000101 0.004933
01010010010001010110 0.007500
00001100001111011110 0.010508
11111010011111000001 0.000233
0.000001
010111110100011001101 0.013862
111011111111000110011 0.001479
011000101000001111111 0.013473
110010110111011010111 0.004431
011101000111100101111 0.011919
000111110001110000101 0.019151
010101111000001110011 0.015015
111000010010111000001 0.003141
100010011100010010111 0.011767
010110100011010111010 0.014009
000110010101110101011 0.019587
001000010000101110110 0.019097
110000001001001110101 0.005336
010011111101100111100 0.015254
000110101001111101111 0.021048
101010010000111010100 0.007890
100110000100010100110 0.009221
111111110010000100001 0.000075
010100101011100001001 0.014848
111000011111101010010 0.002579
0.000001
0111011010000111100110 0.023575
1001011000011111100011 0.019634
1000000101111010010011 0.026044
1111110010110010110001 0.000577
1010001001010001011010 0.015963
1100101111111110101100 0.008772
0010010101111111111101 0.038727
0001111111010111011101 0.039764
0001000011110011001010 0.041025
0001101010111011110110 0.039415
0000111011010010011011 0.041309
1011111100101101101101 0.011161
1000000100011001001110 0.022342
1000100110011001110101 0.020328
0101111100001100101010 0.027675
0101100111101000100100 0.028346
0011100111011110101110 0.035130
1101111000100001000011 0.005789
1111110011111101101001 0.000507
1111001111010110001110 0.002111
0.000001
01111110100110011110000 0.044716
10110010110111001010110 0.026419
01101000001010001000011 0.054891
11111110000100101000010 0.000652
10100100010110010110011 0.031520
00001010100111101111101 0.083605
00011101010110001010001 0.078306
11101001100001011011110 0.007627
01111110010111100011111 0.044147
11010001110111010010010 0.015554
00010011100111111010100 0.083457
10110101110100001101101 0.025209
10000101111000011100010 0.043446
10011101011110011010100 0.033637
00001101111110000110111 0.083298
10101101010010111111100 0.027948
01101010000110010011111 0.051551
10111101000010010001111 0.023062
10000111101010001101000 0.041508
10011101000001000100101 0.034446
0.000001
010111110111100111011101 0.112328
000010111010110100101000 0.174734
101111111011101000001100 0.044956
111010110100001011100100 0.014279
111111011100001110010001 0.001540
111001001110010000001011 0.018470
100000101101100011011101 0.085836
001100101111111010010001 0.140816
110011001110111101101001 0.035696
000111110010001000100110 0.155430
111011010111100000100110 0.012645
100101011100011011111110 0.074457
011100100100001000100001 0.096553
111000111000100010011001 0.019559
100000001110111010010101 0.087956
000100100100001011001000 0.164795
101000011011111010011000 0.067796
110001010000110011000101 0.040879
010110000011010110011111 0.118237
100010000010010110011110 0.084178
0.000001
1010011110000110100100011 0.123516
1001110001110110001000011 0.140992
1101111101010011000000101 0.046520
0111101010111111100000110 0.189193
0010100111011011000111110 0.300668
0101111100100001110100101 0.224086
1011000001110111011010101 0.112334
1000011100011011110100010 0.169389
1001100011101111000100110 0.147852
1000111100110011100010010 0.168382
0100101101011010010111000 0.251493
1111100000011001011000110 0.010860
0110010111000011001000110 0.214149
1111101001010000101110011 0.007840
1001111101010110011001010 0.133719
1101111011110101010111110 0.046534
1011101000110110101000100 0.097772
1010100001001001101011000 0.123482
1110111000101100100000101 0.040314
0110101001011010000100111 0.225472
0.000001
01011010000011100100001101 0.463209
10000001011110101001110001 0.359414
00000100101001110001100111 0.709409
10011000010001101101101011 0.295080
11111010100100000001110001 0.015104
00000111000011100001011011 0.709569
10010010011101110110010011 0.310649
00010001010011100110001100 0.696360
10111110000110101000101000 0.182281
00000010110111100000001111 0.729738
10100011100010010110001010 0.259697
00111110110011111001110110 0.565521
11100010010101100000000001 0.084565
00101101011101100111100111 0.616889
11110101111010111111000111 0.028147
10110110010110010111000100 0.203516
10010010111110110110010100 0.303348
00001101001011011000101001 0.706506
00101101001101011000000100 0.595315
11001001110101010011100111 0.149939
0.000001
000011100010111100110100001 1.331664
101011110101100011111111101 0.452017
100010111000111011001110100 0.646246
101111110011110100101000001 0.360109
011010011000110011110110101 0.828164
010100111111010110001100111 0.954094
100001111101011011110111011 0.662850
010011111101101010000100000 0.983240
000110100010100011010000111 1.275668
010000111011011111101000011 1.066564
101101101001110111100101010 0.412728
000101110011000111111000000 1.287712
000000000101100001011011000 1.440760
110011001010101010000111010 0.285828
101110000001101001110110010 0.396811
111011111100010001000010011 0.090529
110000000011100100001010101 0.351188
010010100001101100100100001 1.003307
100110111011011110110001101 0.556124
100110111111110000000110110 0.550819
0.000001
1100001111001001010000001101 0.692064
0011011111101000100101101011 2.273472
0111011110100110101101011010 1.681626
1011011010011011100001100100 0.876515
0000110000001011010101000011 2.852003
1110010011010000011111110001 0.304754
1011100001101000101001111100 0.825265
0000001010000111111101101000 3.004024
1010100000110000110001010110 1.076051
1100010101101110100101111011 0.680989
1001010111101010000110100001 1.205028
1001110110011111001101111111 1.103250
1010110011111100010110111010 0.930510
0010010011000000010101100111 2.450610
1101101110011100001010001111 0.404815
0111000010000101111100000001 1.630408
0111010000111010111001110110 1.561461
0000110101010011111001010110 2.754574
1101111100000010100111100000 0.369159
0101010001110110000010011000 1.917354
0.000001
10000100000011000010101111010 2.770650
11011010010001010000101100111 0.838516
10101101100101000000011111110 1.909633
11001100000101001100101000000 1.186825
11110111111101111110110001100 0.180982
00111011010101011001101100100 4.411212
11001010101001011000110001100 1.185288
11111010000101100100000001100 0.130547
11011001110001001110101010010 0.848238
00010101100001010001100001100 5.241030
00100001000100000000010001001 5.063886
01011101001010110111100011110 3.632098
00100101100001011111110101011 4.865074
11001011100100111110101110000 1.189495
10011010100000001001011011000 2.318420
01001111100011100001110000101 4.051044
00000001111011110011111001011 5.787052
01111110010000010001101111011 2.899039
11100001100100010011110000101 0.678228
00100111111111010001110001011 4.845113
0.000001
100000111101100101110100000111 5.568171
011001001100001100100011000101 6.940333
101100001111111100001010000110 3.527400
000100101110011011111010111010 10.570210
110111011101001000100010111110 1.529550
010101111110010101011100011010 7.498190
001010010010001100010100110100 9.594262
000010000011001101000101111111 11.055437
000010100110111111010101100010 10.894997
000011000101011000011101010100 10.816276
110001100101110010000000101111 2.552525
001100001000010000101010011111 9.187348
001101000100000101100110001001 9.038371
101100000000010101110010111100 3.532307
001111010110010110111110100010 8.599945
101101110001001100001001011100 3.230190
010010110001100110110000001110 8.043841
001011010100000111111000110001 9.347854
000111001100000100001010010111 10.047663
011100000100000101100010100100 6.392531
0.000001
1111110000111001100100001110110 0.333210
0111100001001110100100101011110 12.007570
1110001100111101101111011011011 2.543160
1111111011111011101001001010010 0.089512
0001011001000010100000101011110 20.709601
1100001010110011111100111011010 5.494339
0000011111101000111110100000100 22.290137
1101000000100101100010001001000 4.274013
0001111100010110100010000001110 19.995020
0010000010101000010111101000111 20.293934
1101111010001110001000011100001 3.089842
0110100011000100001111011000110 13.837677
1011101010001110000010010010101 6.219771
1000110000111101011100011011000 10.433106
1100010110010101110011101101101 5.251914
1101001111001011110010011101101 3.962123
1100101011111111000001011000101 4.734127
1101111001110101010011001100011 2.996915
1111001100010101011010001111110 1.148986
1111010100110000010101100000000 0.962469
0.000001
11100001111111101110010001000101 5.365320
01110001001100000101011100101100 25.473705
11011010111101010101100100101010 6.616645
11000011011111101101101101110001 10.865744
00000000100001000111110101100010 45.884571
11100100000100101001000111111001 5.272139
11110101001011111100010110111110 2.017828
10110111100110110011001111101101 13.357984
01110010011101101001110100011110 25.186976
10001010001100100111011111010010 21.077932
00100101101011001110111110110000 38.729972
01001100010101011100010101111011 31.835199
11111010100110101000011000011001 0.960674
01111110100001110010100000010111 23.058729
01000011011001110010111011001001 34.101162
00001011100101011100001010001110 44.129860
10000011111111000011010111110100 22.094872
10000111011111000101010001110111 21.526076
01110101111101100000011111011101 24.502090
00100000111000111000111111101101 40.182497
