0.000129
0110101111 0.000002
0101111111 0.000002
1010101100 0.000003
0010111111 0.000002
0001010010 0.000003
0010100110 0.000003
0000011010 0.000002
0001111101 0.000003
1011010000 0.000003
0010001010 0.000002
0101111100 0.000003
1100000110 0.000002
1111111010 0.000003
1111000000 0.000003
0010001110 0.000002
0011010111 0.000002
1011000101 0.000002
1001101011 0.000002
1101111000 0.000003
1110001111 0.000002
0.000016
11100100001 0.000003
01010001000 0.000003
11101111111 0.000002
00001110001 0.000002
10001011001 0.000003
10010100100 0.000003
10000111010 0.000002
10111001100 0.000003
00110100010 0.000003
10001000110 0.000003
10110011011 0.000003
01001000111 0.000003
01010111101 0.000002
10010010110 0.000003
00101100111 0.000002
01110111000 0.000003
01001001010 0.000003
01100001110 0.000003
00111011011 0.000003
11110100110 0.000003
0.000020
011001001011 0.000003
101001100000 0.000003
000011011011 0.000003
001100010010 0.000003
100110111110 0.000002
111001100100 0.000003
011111000010 0.000004
111110010001 0.000004
000010111000 0.000003
110000011111 0.000002
101001111011 0.000002
001101101010 0.000003
001011110010 0.000003
100101000110 0.000003
101100101110 0.000003
111101100100 0.000004
100011101010 0.000003
110101101110 0.000003
000011010110 0.000003
001011111111 0.000002
0.000034
0111010010110 0.000004
0110010110011 0.000003
0111011000000 0.000003
1001000001011 0.000002
0101110000001 0.000004
0000001100100 0.000002
1000111001010 0.000003
1011001001101 0.000003
1000101010001 0.000003
0010011111010 0.000003
1011110010000 0.000003
0101100100110 0.000003
1111110011010 0.000004
0101000100111 0.000002
1010011100011 0.000003
1101111110100 0.000004
0111111001010 0.000004
1000001001000 0.000003
0011010000110 0.000003
0001110111110 0.000003
0.000039
00110110000101 0.000005
10111010100100 0.000005
10111011101110 0.000003
10011010001001 0.000004
00110010101111 0.000003
10010110001010 0.000004
00000011111010 0.000003
01011100001101 0.000004
10010111001011 0.000004
11010001010101 0.000003
11110001101100 0.000004
11001001011000 0.000003
11011101110001 0.000004
11111000010011 0.000004
01001101100110 0.000003
11000100100111 0.000003
00100110111001 0.000004
10001101100000 0.000004
10100110110111 0.000003
10011100010001 0.000004
0.000063
001111101000010 0.000007
010011110001001 0.000006
100010010101010 0.000003
010111010010001 0.000006
001111000100000 0.000005
101010111100111 0.000028
110000011010011 0.000003
011011111000111 0.000004
111111100010110 0.000006
010101000000100 0.000004
011010011100111 0.000003
110010110010010 0.000005
011000000110100 0.000003
110111001010011 0.000005
000111000010001 0.000005
010011001001000 0.000005
111101100110100 0.000007
110000010001101 0.000003
001000011100110 0.000003
000101001100011 0.000004
0.000083
0110001100111110 0.000006
1001001010111001 0.000005
1110101001011001 0.000006
1111010101001100 0.000010
1110010010100001 0.000006
0010000100001001 0.000007
1100101100001101 0.000008
0011010100011011 0.000005
0010001110010100 0.000145
1001110001010001 0.000005
1111110111000001 0.000007
1110001101110000 0.000006
1010110111111010 0.000005
0010001100001100 0.000006
0110000010100101 0.000003
0000101000001010 0.000004
0100000110000001 0.000004
0000100010100000 0.000003
1000001101110000 0.000005
0110100111010100 0.000005
0.000164
00000010011001110 0.000006
00110001101011010 0.000009
11010010010100010 0.000006
10011011101010101 0.000009
10101001000010111 0.000006
01111111010000111 0.000010
10100000101000111 0.000003
00110110100100100 0.000008
01111000000101110 0.000006
11101010011000100 0.000008
00011010110010000 0.000007
10111101111100000 0.000010
10011100010000100 0.000006
10000111001011111 0.000005
01101011111101110 0.000005
11101111110011110 0.000007
01101101111100111 0.000004
00100111110101011 0.000006
00010010111010011 0.000004
01110000111001100 0.000005
0.000178
101110101001011100 0.000012
010010011110110000 0.000012
100001000001111010 0.000004
011101111011111111 0.000004
100000010000000011 0.000005
001100000110100010 0.000004
100110011111110110 0.000006
001010111111010011 0.000008
000010010101111111 0.000003
111100110001101100 0.000010
000010001011010000 0.000008
000001111100110001 0.000014
001101110011001110 0.000011
000000110010011011 0.000006
110101101000001010 0.000012
000101000101111011 0.000003
100000001010011111 0.000003
110101001100110010 0.000010
001101011111010001 0.000011
010111100110000010 0.000011
0.000284
0110100110011101100 0.000017
1001101001110100101 0.000009
1001010100011110100 0.000010
1010100010011001001 0.000011
0001101010111111000 0.000014
0101011000000010100 0.000011
1001011010011010101 0.000015
1011101000011001000 0.000012
1011011011010011011 0.000012
0010100010010011001 0.000011
1001011100100101110 0.000015
1101011101001110110 0.000013
0011111000101001111 0.000010
1111011000011011011 0.000008
1000101011010100000 0.000013
0011010101100100101 0.000012
0101100100100100001 0.000012
0001110110111000111 0.000013
1010011100101110000 0.000016
0001001001111011001 0.000005
0.000382
00111000100111100011 0.000010
11111110010001101110 0.000022
01100000111110001100 0.000016
10001111010101101101 0.000016
01011110000111110011 0.000008
11100000010100011010 0.000010
00101001101111011101 0.000006
10000100100111011110 0.000005
00110000010000000111 0.000010
00100011011001100110 0.000018
00011001111110100110 0.000019
01101001100010000010 0.000015
01110011110001001111 0.000021
10011010010111110101 0.000009
00111100101010111101 0.000008
00011000101000001000 0.000010
10001100000101000101 0.000009
01010010010001010110 0.000014
00001100001111011110 0.000004
11111010011111000001 0.000021
0.000632
010111110100011001101 0.000035
111011111111000110011 0.000029
011000101000001111111 0.000010
110010110111011010111 0.000010
011101000111100101111 0.000009
000111110001110000101 0.000028
010101111000001110011 0.000036
111000010010111000001 0.000018
100010011100010010111 0.000036
010110100011010111010 0.000012
000110010101110101011 0.000017
001000010000101110110 0.000008
110000001001001110101 0.000007
010011111101100111100 0.000036
000110101001111101111 0.000006
101010010000111010100 0.000015
100110000100010100110 0.000019
111111110010000100001 0.000037
010100101011100001001 0.000019
111000011111101010010 0.000031
0.000877
0111011010000111100110 0.000020
1001011000011111100011 0.000008
1000000101111010010011 0.000025
1111110010110010110001 0.000031
1010001001010001011010 0.000018
1100101111111110101100 0.000035
0010010101111111111101 0.000009
0001111111010111011101 0.000016
0001000011110011001010 0.000032
0001101010111011110110 0.000015
0000111011010010011011 0.000021
1011111100101101101101 0.000019
1000000100011001001110 0.000007
1000100110011001110101 0.000011
0101111100001100101010 0.000020
0101100111101000100100 0.000032
0011100111011110101110 0.000016
1101111000100001000011 0.000026
1111110011111101101001 0.000030
1111001111010110001110 0.000029
0.001317
01111110100110011110000 0.000047
10110010110111001010110 0.000037
01101000001010001000011 0.000027
11111110000100101000010 0.000037
10100100010110010110011 0.000018
00001010100111101111101 0.000006
00011101010110001010001 0.000045
11101001100001011011110 0.000026
01111110010111100011111 0.000014
11010001110111010010010 0.000049
00010011100111111010100 0.000021
10110101110100001101101 0.000049
10000101111000011100010 0.000062
10011101011110011010100 0.000060
00001101111110000110111 0.000042
10101101010010111111100 0.000021
01101010000110010011111 0.000009
10111101000010010001111 0.000161
10000111101010001101000 0.000058
10011101000001000100101 0.000029
0.001861
010111110111100111011101 0.000038
000010111010110100101000 0.000057
101111111011101000001100 0.000092
111010110100001011100100 0.000050
111111011100001110010001 0.000074
111001001110010000001011 0.000070
100000101101100011011101 0.000043
001100101111111010010001 0.000090
110011001110111101101001 0.000044
000111110010001000100110 0.000055
111011010111100000100110 0.000102
100101011100011011111110 0.000016
011100100100001000100001 0.000033
111000111000100010011001 0.000042
100000001110111010010101 0.000053
000100100100001011001000 0.000030
101000011011111010011000 0.000089
110001010000110011000101 0.000020
010110000011010110011111 0.000020
100010000010010110011110 0.000015
0.002882
1010011110000110100100011 0.000070
1001110001110110001000011 0.000120
1101111101010011000000101 0.000129
0111101010111111100000110 0.000117
0010100111011011000111110 0.000070
0101111100100001110100101 0.000149
1011000001110111011010101 0.000065
1000011100011011110100010 0.000068
1001100011101111000100110 0.000089
1000111100110011100010010 0.000127
0100101101011010010111000 0.000113
1111100000011001011000110 0.000045
0110010111000011001000110 0.000093
1111101001010000101110011 0.000094
1001111101010110011001010 0.000126
1101111011110101010111110 0.000063
1011101000110110101000100 0.000096
1010100001001001101011000 0.000038
1110111000101100100000101 0.000076
0110101001011010000100111 0.000102
0.003982
01011010000011100100001101 0.000043
10000001011110101001110001 0.000106
00000100101001110001100111 0.000023
10011000010001101101101011 0.000032
11111010100100000001110001 0.000064
00000111000011100001011011 0.000044
10010010011101110110010011 0.000057
00010001010011100110001100 0.000060
10111110000110101000101000 0.000066
00000010110111100000001111 0.000104
10100011100010010110001010 0.000067
00111110110011111001110110 0.000045
11100010010101100000000001 0.000043
00101101011101100111100111 0.000032
11110101111010111111000111 0.000046
10110110010110010111000100 0.000108
10010010111110110110010100 0.000139
00001101001011011000101001 0.000102
00101101001101011000000100 0.000237
11001001110101010011100111 0.000044
0.004049
000011100010111100110100001 0.000080
101011110101100011111111101 0.000035
100010111000111011001110100 0.000079
101111110011110100101000001 0.000176
011010011000110011110110101 0.000051
010100111111010110001100111 0.000096
100001111101011011110111011 0.000020
010011111101101010000100000 0.000139
000110100010100011010000111 0.000073
010000111011011111101000011 0.000068
101101101001110111100101010 0.000112
000101110011000111111000000 0.000108
000000000101100001011011000 0.000058
110011001010101010000111010 0.000110
101110000001101001110110010 0.000070
111011111100010001000010011 0.000139
110000000011100100001010101 0.000076
010010100001101100100100001 0.000076
100110111011011110110001101 0.000077
100110111111110000000110110 0.000179
0.003984
1100001111001001010000001101 0.000101
0011011111101000100101101011 0.000135
0111011110100110101101011010 0.000103
1011011010011011100001100100 0.000112
0000110000001011010101000011 0.000036
1110010011010000011111110001 0.000056
1011100001101000101001111100 0.000071
0000001010000111111101101000 0.000034
1010100000110000110001010110 0.000048
1100010101101110100101111011 0.000057
1001010111101010000110100001 0.000126
1001110110011111001101111111 0.000028
1010110011111100010110111010 0.000136
0010010011000000010101100111 0.000033
1101101110011100001010001111 0.000152
0111000010000101111100000001 0.000050
0111010000111010111001110110 0.000055
0000110101010011111001010110 0.000048
1101111100000010100111100000 0.000039
0101010001110110000010011000 0.000106
0.004995
10000100000011000010101111010 0.000049
11011010010001010000101100111 0.000078
10101101100101000000011111110 0.000144
11001100000101001100101000000 0.000125
11110111111101111110110001100 0.000140
00111011010101011001101100100 0.000169
11001010101001011000110001100 0.000127
11111010000101100100000001100 0.000114
11011001110001001110101010010 0.000143
00010101100001010001100001100 0.000113
00100001000100000000010001001 0.000052
01011101001010110111100011110 0.000067
00100101100001011111110101011 0.000027
11001011100100111110101110000 0.000081
10011010100000001001011011000 0.000052
01001111100011100001110000101 0.000149
00000001111011110011111001011 0.000068
01111110010000010001101111011 0.000034
11100001100100010011110000101 0.000051
00100111111111010001110001011 0.000152
0.005265
100000111101100101110100000111 0.000126
011001001100001100100011000101 0.000087
101100001111111100001010000110 0.000221
000100101110011011111010111010 0.000072
110111011101001000100010111110 0.000156
010101111110010101011100011010 0.000156
001010010010001100010100110100 0.000075
000010000011001101000101111111 0.000021
000010100110111111010101100010 0.000172
000011000101011000011101010100 0.000142
110001100101110010000000101111 0.000148
001100001000010000101010011111 0.000029
001101000100000101100110001001 0.000034
101100000000010101110010111100 0.000016
001111010110010110111110100010 0.000119
101101110001001100001001011100 0.000126
010010110001100110110000001110 0.000088
001011010100000111111000110001 0.000037
000111001100000100001010010111 0.000046
011100000100000101100010100100 0.000038
0.006846
1111110000111001100100001110110 0.000151
0111100001001110100100101011110 0.000160
1110001100111101101111011011011 0.000040
1111111011111011101001001010010 0.000386
0001011001000010100000101011110 0.000088
1100001010110011111100111011010 0.000082
0000011111101000111110100000100 0.000191
1101000000100101100010001001000 0.000081
0001111100010110100010000001110 0.000186
0010000010101000010111101000111 0.000046
1101111010001110001000011100001 0.000199
0110100011000100001111011000110 0.000069
1011101010001110000010010010101 0.000181
1000110000111101011100011011000 0.000186
1100010110010101110011101101101 0.000050
1101001111001011110010011101101 0.000104
1100101011111111000001011000101 0.000284
1101111001110101010011001100011 0.000207
1111001100010101011010001111110 0.000068
1111010100110000010101100000000 0.000094
0.008082
11100001111111101110010001000101 0.000367
01110001001100000101011100101100 0.000081
11011010111101010101100100101010 0.000331
11000011011111101101101101110001 0.000172
00000000100001000111110101100010 0.000030
11100100000100101001000111111001 0.000053
11110101001011111100010110111110 0.000138
10110111100110110011001111101101 0.000127
01110010011101101001110100011110 0.000235
10001010001100100111011111010010 0.000080
00100101101011001110111110110000 0.000134
01001100010101011100010101111011 0.000088
11111010100110101000011000011001 0.000237
01111110100001110010100000010111 0.000290
01000011011001110010111011001001 0.000244
00001011100101011100001010001110 0.000223
10000011111111000011010111110100 0.000208
10000111011111000101010001110111 0.000229
01110101111101100000011111011101 0.000170
00100000111000111000111111101101 0.000050
0.012594
110101100110010100110001000010110 0.000328
010101100110010000010111000010100 0.000227
001101110100010100010010000111101 0.000356
101000011111000010111010110100110 0.000158
110010101011111000101010101011111 0.000241
101100101100101000101101110111000 0.000238
111010001001001101010001100010001 0.000282
010011101001010101000011011101011 0.000241
010011000011010100010101100101110 0.000260
000000000100011110001101001110101 0.000116
000010110000100001101111110100101 0.000036
001111111001100110000010000011000 0.000286
111111101000100101001010111100100 0.000329
000000100111010000010001101001111 0.000143
011001101100011001100011101001001 0.000283
111111001010110010101101100100000 0.000338
001001111011110001000011101110000 0.000458
101111001000100011110010010000101 0.000166
001001001011001111001101000111100 0.000293
101001001010100100100000001101011 0.000371
0.017757
1111110110010001111110110001111011 0.000172
0010101111010000100000000001001010 0.000284
1011001010110001001100101011101010 0.000248
1111001101011001100110100000011000 0.000429
1000111001000011011101001010111100 0.000330
1010011001110001010011001110000111 0.000358
0010001111101010101100000111101001 0.000535
1101001010000100010110100101011011 0.000065
1100110001101100001111010101100001 0.000266
1001101010011100011111100101110111 0.000055
0011011010011111010110101010010111 0.000333
0001100110100101100111101011010011 0.000288
1110101110100000010111000011111111 0.000033
1001111111111100001000000001110001 0.000481
0000010101011110001011000001001011 0.000424
1100100110011000111001110101111101 0.000092
1001101000111001111110101000000101 0.000466
0011000101110100101010111111110001 0.000181
1011101110111101100101101110001010 0.000749
1110011110100000000110011100111111 0.000051
0.028353
11101011100011010010101111001011001 0.000534
10110010111001000010011010010001010 0.000464
00101100010001010000110011100101110 0.000289
10100101100010101011100000001100001 0.000565
10000001001011000101101110001000001 0.000325
10001110000001110011100110011100111 0.000253
01001010010101011111101010110011001 0.000515
01101110101011101000101010101111110 0.000573
11100001001000110100011111100101100 0.000274
10111110110100011000011101000000011 0.000756
00010010010010011100100001000111110 0.000562
00100100111100100110010010101100001 0.000642
01011011001100101111101101001100011 0.000495
01010000110110100000110010110110001 0.000473
00011110101011010010001101010001110 0.000814
10111010001010000111010010100111111 0.000074
11100100000010001000100110111000010 0.000277
01110000011000110011100000111111100 0.000313
00110101101101110100101111110011011 0.000267
11001110001011010110001111111110110 0.000121
0.037568
101100010010001111001000000010011100 0.001052
010011101010001100010101011011101010 0.000553
111000011111111110101001010111110010 0.000950
010100101000110111101100101101010001 0.001113
000101000100100000000111000100101111 0.000136
110000111001111100000000101000100110 0.001055
000011110111000101111110011111101101 0.000187
110100001100001000011010001111000001 0.000277
000000001001111100000001100110110001 0.000798
100001101100010000000111011110011001 0.000199
111100100001011111011100010010101101 0.001200
011101111010100000101010010011100100 0.000625
000110001011010110001101100111101001 0.000774
110111011011101101011110000010100000 0.001284
101011010101011101010101011100110001 0.001221
101000100101010000000010110001000011 0.000397
011101011100101001011001110000110011 0.000921
100011010110000001011010110000001010 0.000468
011011000101000010101011101100101101 0.000252
110101101011101010000110001010111001 0.001154
0.056769
1011111001100111101000000110010111110 0.001589
0111001101100000000111101101101001100 0.000295
0101000111110101111010001001101000011 0.001973
1001101001100010010111110000011101011 0.000588
1010101010010001111011010111011001100 0.001032
1111100001100111001100000101010011100 0.001111
0001111110010111011111100110000011011 0.001304
1100111111010100111101100001010111100 0.001524
1010101010010101010011000011111010100 0.001110
0111011110110111110001010011101101000 0.002059
0000110010000011011010101111011011001 0.000532
1111111101001000100110001011000101100 0.001025
0100100100000011110101100001000010000 0.000962
0000001001111111101011101111010000011 0.001546
1111111000110101010001001011001000001 0.001393
0111101000000101111110000101010000111 0.001155
0100101011010011010011100100111000000 0.001323
0011100111110101110111110111100111000 0.001219
0011010101000100000000011001110011101 0.000316
0100011011110001111111000000001000000 0.001140
0.077871
10011010111001111000001110011011110000 0.002021
10010010111111011110011111100110010001 0.002470
00000100101011001100011110111001001000 0.001609
00010000110000000110000001001010110010 0.000962
01010010110111011011010110011010000101 0.002514
01000100011010000111110001101000010001 0.001344
00100010110101000001010000111110101101 0.000355
00100010111010111000001111111110100110 0.000900
00010100001100111010111001000111010101 0.001819
01000010111011111110100100111111111000 0.001536
01000000001100001100101110110000101101 0.000800
11000110011100100001000111111011110111 0.000085
00111101111000000001001011001011100000 0.000573
10100100111010111101010111010001111011 0.000971
11000101111111010001110000010111110000 0.001721
10101010111000110011111000100000000011 0.001558
10001011000011001011110111001010011110 0.000772
11000010010010100001110000110000110010 0.000707
10010110101100111010101111001101100011 0.001576
00011100010111110111101111011100000111 0.001400
0.129697
110111101110001100000100101100010000100 0.003318
011010000000000111000100010011010101000 0.002294
010011001101011111001101000000000100011 0.004499
001000100110111010010011100110000000100 0.003376
100001011000110111000110001000100110000 0.003535
100011010111001101111001111000011110110 0.002801
101011001010011000000000100000100110011 0.001881
101000100001001001110001000000110000001 0.002139
011100111011000011110010010010110111100 0.003331
011011000011101010000101100101101110110 0.002184
111011101011110110000111111101111000100 0.003757
011001101010001111100101100110011100001 0.004737
000100111010101010101111111010000000111 0.003270
010000101111011101010100100101100000010 0.003962
111000000110010011101110111101101100001 0.002197
111000101111000001011000100010110100001 0.001961
011110101110101110110001011001011101110 0.002806
011110000011100110010001011000011100011 0.002188
110110000010100000111111011100111000011 0.000493
010000011110011010101001001100011010001 0.003458
0.174179
0001101110100011011000010101010010001000 0.003138
0011111011011011110011100111001000000011 0.005297
1000101000000111001011111111110110011001 0.000518
0111101011000110011110100010101111101010 0.003282
0000001000010110110111010001110101100110 0.003374
0010010010110011000000010111001000111100 0.002005
1100000111001011110101111111100011100111 0.001474
0111111000100000010100111001101001101011 0.001099
1010001000110001101100100100100011011000 0.003912
1011001101100001010100000101100110100001 0.003075
0111101111011011100010100010100100010111 0.004286
1101000110100110110110001110010001101010 0.004906
0011111011000011011000110010101010101011 0.003384
1100111011111111010110011011111010000101 0.004627
0000111010111001010001011011000101100001 0.003310
0110101110101111000100010100111010010000 0.004180
0101101001101010111100011010001011000100 0.005839
1010101011101111011100110011000011001111 0.004648
0010000001110111100110000101010011000001 0.004960
0010010011110111000011101000011011111010 0.002122
0.267933
10110100100001100100001010010011111010100 0.002333
11101101111011000111111100010001110000111 0.007982
10011011011001100101100000000100010001111 0.006781
10101001011001101011101110011110010111111 0.001270
01010111111000101100110101010011000101001 0.008014
01110100010100001010101001111010000111011 0.002261
00101001011010110100110001100101000001010 0.006346
10011010100000100100100011000011111000001 0.003017
10011011111111001101100101100010000101111 0.009129
00111100010010001010001101001110011010001 0.002996
00000000111001000111000011011101001111111 0.001984
10001100111100111011000000000011110010101 0.009807
00100000001000001011100010000110000101111 0.002483
11010100110000000001100001111111011100001 0.000815
11111010010111100000001010100110111010110 0.003586
00111000000110000100100011110001110100100 0.001951
11110111111010100011011101110111111110101 0.001271
00101001110011011011110001101110110011011 0.003327
01100101001110101110101010010001010110110 0.007544
01011001011111111001111001000000110010010 0.009890
0.363254
001110001111001011100101101000110001010000 0.008282
011111010011000000111001000001110011111000 0.007729
100111110000101100101000101011110001110001 0.007935
101000001010111100110001011011000111001101 0.006483
111100011000001100011101111011001011110000 0.004416
100010111100111000010010111111100101111101 0.001406
110000001101010111100010110100011101001011 0.006449
001011011101100011100111100101001010001000 0.008857
100111010001111001001111101111010001111110 0.002128
100101111000100000100001011110010110111011 0.001296
100111111110111110011001101000100100110100 0.014554
010111001100010011000011010001010001101100 0.004908
000111010011000001011011111010010001101010 0.006212
010000111110110001100000100000000100001111 0.006260
111011111000010000001010111010010000101000 0.004446
000000010010110001111001011011111010001000 0.007627
001001111100100011011001101110101111001001 0.006165
001000001010000111110001101111100001100100 0.006152
101110100010100001111111000101111101000011 0.006310
010101011101011110100010001110110101111101 0.003829
0.573045
0111000110011000000000110110111001000110110 0.002633
1001001101100010011111001000100011011011101 0.011006
0101101111011000110010110010101101100001111 0.009501
1011100011110000111110101111000000110000001 0.015019
1101010001110000100011001011000010110100011 0.006496
0001010110000000011001100010000101001000001 0.006446
1010010100110001011111110010001010101011001 0.013038
0101111011010000111011111101101000011001100 0.013466
0111100100000100101011010101110111101111111 0.000556
0001101011110100000001011000000011111111100 0.002892
1100110011011000100000010110100000011111100 0.005745
0010101110011110011010001110101101000111011 0.011082
1101000010101000011001101100010000001011111 0.004496
1110111001110010100111001100110101110111010 0.009110
0011001011011010101101110001110111100011001 0.009135
0100101011100101110100001110101100100001101 0.013844
1000000100011011000001110010001011000111101 0.002549
0010011010111110011100011011101111101001001 0.009524
1001110111100010010010011001100100011110110 0.008708
1101111001001101000100110011100110000010000 0.009523
0.840479
00010111011111000011111111011001111111101100 0.005853
00011011001110010111110001011110101011101000 0.021866
00101101010010111100110101001000000100100010 0.015933
10111010111110111011101010000100111000010010 0.025184
01011010100111010001001110010101111110000100 0.008326
01000000001101010110110010101011100001010000 0.019072
01100110011001110010101111110000110001010011 0.013461
00010101110111101010111010100011111100001010 0.024145
10001111100111111001100010111000000110100000 0.019460
00010011010001001110100000000100100011000100 0.017586
00101001000000000001111100011100111011101111 0.002338
11010100001000101001101100001001100101100011 0.012392
10011011100000101100101101011000001100011001 0.012942
11010111100101111011101110110110011100110111 0.007500
01010000110110100000100000111001000101000011 0.009264
11010110011101000001001010110101111011111011 0.001235
11000101111011110011011101010001001000100101 0.027210
11110111010111100011011001111110110101000100 0.018114
00010110001101001011111011100001011010011101 0.015893
11110001111001000110100000100001001000000001 0.010082
1.332659
001001001001001001000011011010111001001011110 0.002715
011110010101001101111110101110001011110101101 0.014998
001001110100110000001000110010001010001001001 0.012762
011100011101000001111110011111000011111010000 0.027583
011001110101010100111011101100010000001010011 0.027758
110100101100000011110001010111010011000010101 0.015816
010110110010010101100000110101000101010011110 0.015194
000100111011100100110110011111001010110000110 0.026987
000100111000010100100101010111000101100000011 0.015447
100100010100011011010111101101011001011000100 0.022601
010100100001110100110110101010011001011000010 0.024425
110010110011100110110011011100000110101000011 0.025650
101100111101101000100001010011001100011101100 0.013539
001000101110110010010001101000110110101010011 0.012501
001110011100101010100011010101001111011110110 0.005648
110110101000110011010011001001001100010111110 0.014751
010100000000001111010101001110110110110111010 0.010228
001101100111101111110101000001001101000110110 0.040565
111101110010101100001100010001001001110100111 0.022809
011101110110011110101101010111111101110000111 0.012274
1.654449
1110111011010100011001011111011110110001100001 0.017480
1001111000001000011000000100110011011011000110 0.008209
1100101101100101001101010110101100101000011000 0.034461
0111011000111101110101111110010011001000111110 0.030969
1111100001101011000101000111001110000001001111 0.027462
0110100011101110000101000001111011000000011000 0.039448
0110110000111101100011101100101110111000011111 0.020264
1111000011101000100000101000001110101110101010 0.011804
0010101110100011101000001111001110101111011000 0.011894
1110011111001011100000101111001010101100010010 0.028857
0100100011000000010001001011100011101001010100 0.007985
1011100010010001111000101100000011001010110101 0.025147
0100000001000010100100101100001101111001001100 0.010656
0011110000111100000100000100100011110100111011 0.010510
0000011110011000111010011111001010110011111011 0.007449
0110100110110001111011011101110000110010000000 0.039774
1101010000000101110110101110010010110111010000 0.043357
1110000101100100110100101001011100110110100000 0.035728
0101110000110001110001000001111100110001010111 0.017796
0100011110101111000110111100111111100000101011 0.023246
2.793057
11101110011001001010100011110100110010100100001 0.035645
10011100011101110110101110000011011111000011010 0.066344
10101001011110110111110111000000010010000111011 0.091468
01000100001101000001000110110100111010011101100 0.008557
10110000100100111010110010100001111101001111000 0.057005
01111000001110001011010111111111001011010010100 0.034862
01110001101111010111100100110100000001101010101 0.069251
00101011001110010010110001110010011110000000010 0.044941
01100010011010000001111001001010000010110011110 0.047926
00111011011100100001101110001011110111101010110 0.022440
01101010001000000001010001110100101111101010101 0.006305
10010011010000110010101010110011100100001100100 0.041108
11110111011001001101000010100010010100111100110 0.035027
01011110000111001000001010111011111011010000011 0.017827
10001111110011001100111011010011011111110110111 0.011798
01100000110110111011010001011100011101110111010 0.030244
01111110101010011110100000110011010110011010011 0.045615
01010101000000111000100011001101111001011101110 0.006618
01111100010001011010000000101100011110010100100 0.024635
10000010001000010000111101000101001100110110101 0.023911
3.477268
000000111111001010100011010001111110101111010101 0.025906
010011000111001010000001111100011101101010011000 0.022891
000011110001011000110101001100000110111101101100 0.058344
011110011110000100000001000111000011111101010000 0.023732
101010001001010101100010011011000010100100110001 0.041917
100001011011000000110000100111111010101011100000 0.014487
000111010111011100011001011110011001000110001011 0.078734
100010110000000001111111011001100111011110001010 0.057674
110110111101001101001000101011111010111111010100 0.016418
011111011110111010000011100110001010101101111100 0.057959
001011011100111011111101100000101011111100001101 0.079227
011111011010010101011011110100101011110010010111 0.047414
010111111101000101001111101010001101110001111110 0.045203
000101111000010100010110110000111101111100101100 0.030238
100000111101011000010000001011010000100100111110 0.024943
001011110110000101001100001010100001010011110110 0.046081
110101110111111111001111110101101001101011100110 0.044855
101100111000001010111001101011010101101110010101 0.039351
001101101100000001010111010101110100111100101011 0.033472
011000101001001000001000101001010001111101010000 0.017180
5.097204
1000110010100100010111110101111011101100011000010 0.113865
1001001010001001110000001011000110110111111101001 0.007667
0111100010001110000100101101000100001000111111001 0.039118
0011000001010000100110000011101010001111000110011 0.020808
0010000100111111111000111100010101111011101011101 0.036963
1101100110001010110101001011001110110011110101000 0.066143
0100101100101011001001000100010101001110011000000 0.063252
0101001001100001000010110100100011100000101111010 0.049097
0011110100100010110100010010111011000000101011111 0.051140
0100001010111100101110010111100010100010001011011 0.106452
0000001010111000100111011000101011100000010100001 0.084082
0111111110111101101111001100111000110010000101010 0.159005
0100010010001101000001110010011011010110100000011 0.060685
1100100011110010000101100110000000011101111011000 0.070401
1110110101111101100001100101011100001111111000101 0.077638
0101100011001110010011001001000110100101001010010 0.078486
1110100000011011111100000010101000011111100101101 0.063302
1100101000001101100100011001110010111000001100100 0.061946
0110110011011011010000001011101011101010100100111 0.033752
1011111000100110000111000001010111010000001011001 0.077733
7.004805
10010010010001110001110110100010001111110100110111 0.082470
00111111001010110111100101100110110010001101000100 0.174743
01011101011000001010101111110000001110100101111101 0.086859
11101010010100011110100010111000110101100011100111 0.080753
00010100100110111000000111100101100111100101101001 0.073447
00111011001111101110011101000101010111111101101100 0.083117
10011011010011000010000010110011010101011001101111 0.021789
01001010100110001000111111100011010110110000101101 0.134331
01011010011001010101110011010110110101000011111001 0.103262
10110110001101001101101010001100100000110100110000 0.127895
10000100110000110101010111000001110111011011010001 0.114861
10000011000101011011011011111111110110111001110110 0.030459
10110111110011111011000011100111011000000011001101 0.174535
00010101110011100110110010100100000010111111101100 0.154211
11110110010111011110000011100110110100101111110000 0.111527
10011011000100000110100011001111010101010000101010 0.058368
01101000011101001111000101110011011110101000101101 0.071260
00011110001101000111110010001100101110010110110000 0.164450
10100101010000110011111011100101011001011110000011 0.149953
00000001110111000001011011110100110010111011111001 0.041683
11.512066
001111110111011100110011001110011101001010100110010 0.253528
000001001110111110010011110011101110011111000000110 0.225403
101001101100000111010000001101101100011011100001010 0.069035
101001001010011010000010001110001011001011000110111 0.040684
011111001010010111110001001100101000100001000000000 0.124562
101011100101111011010010111100011011111000010011101 0.169448
101101010010110011010011100110001110101010010010000 0.222521
101110001100001000101110011011110011000111100011101 0.060889
001100001110000100101111000101010010110100011101111 0.121614
010001100000011011101111111011001100000010010111011 0.243425
000110001001111011111000001100000010100100011101010 0.184511
110011101111011011110100010001011111010000001101000 0.249747
101101000100101010001011001011000111010010100000011 0.136711
001111101000000011111011110111011101110111110100000 0.139601
011000101110000000111100110011111011011010110000101 0.114243
110101001101011001111011001101010101111110110010011 0.106183
001101101111000010100011101100100011001000010011011 0.218385
000000110010000000100011100001000000100110000011100 0.104513
101010110110101010011000110001000010011111010000010 0.183917
101111111111010101110010010100001101011011110110010 0.187643
14.790343
0001000101100011000111011000111001101100011111001001 0.188864
0101110100110111011000110000101110111001000001010101 0.245911
0101100100010001011111111010101000000001111001111101 0.239118
0011011000100101000111001110111010000000110000011000 0.183240
0001111010000001001101000010111000111011001111010011 0.034462
0001110110110101111101000000101100101001101001000001 0.233033
0001101000000010011000001110111010101000101101110101 0.056279
0111101111100100001001001110001110110010111010111011 0.081217
1011100111111001101000011001101001011111101010100001 0.221639
1011100011000010000100110100100111101101011000011111 0.076322
0001001000011010110100010110000111001011100011010001 0.187091
1100111001100011001000101111010111000100011010011001 0.205511
0100110100100111000101010001001001110000100000110001 0.145745
0101110001100011110001110011111011000010001111110111 0.071992
1010011100101110000101100101011000111000101001001010 0.211913
1000001100010001110111011000000101100101110011010110 0.238671
1101111000101010000110010100000010011101110011011011 0.135891
0100010110001111110100000000101100000111011110100001 0.136923
0000001011011110001110110101111101101110110010010011 0.182495
0101000011100011111100011001000011010011000000110111 0.269953
24.028503
11000100000111111011111010000111000001001011101011001 0.536847
00001110100000001100000111001011000010001000001011000 0.222787
11001100111111110001111000010011111000000110000001111 0.454921
00110011011010010111010110110000111001111100010111000 0.401404
11010101000001111111001100011011001111001110011011110 0.148323
01111110001100001100111110101001001010001111000000010 0.378276
01001001101000101000010000111110111100000011011001011 0.052435
10100100010101011000011101010110110011110010011010010 0.319278
11000010100000000001110010001010011011001110011110111 0.039456
10000111101100100010100011010011100100111011000110001 0.293512
10001110101011010010000001011100011010000111110000011 0.177736
10110101010111011111111101001100110101001001100010000 0.592417
00101110110001011101000001000011110011100000000111000 0.278104
11110010101110001000010111000010001011010100111100111 0.292791
11101101011101011011000000101000110011010111111100000 0.193863
10011001100110111100011111111111111000100000011000000 0.540096
00101111010011010101110011011011101001000111001000110 0.504887
00010010110010111111100111110101011101010110110001101 0.291222
10010110100110100000100101100101001100110100010101110 0.202271
00011011011001001001011001101000100001001110001001011 0.323304
31.658266
100011100110100010111101100110100011000010101010010110 0.606789
100011001100100001101101111111110100001011011111110011 0.174584
001110100010001011101001111111010100000011111111101110 0.202447
111010011111111100111110111101110011011011100111000101 0.336085
101100001011100000110000010011000001100110001011110010 0.175233
111100001110100100111000111001011001000101011011100111 0.461716
110111100011001010100011001011000110000010100001001100 0.415989
101101001011010000000000011111000111110011000110100101 0.116831
011011001001010111100001111110110000101100001100111001 0.792478
001010010100101000011001000101001100110110001111101101 0.074907
001000010111010011111011000011001110001001001011000101 0.575023
010001010001111000000010001101001111011001000111011000 0.153778
001101010000011011110110011001100000001001100101000000 0.444383
011010011010001011111010001010100010000100111011111010 0.510496
000011000001001100001100101100100100000001111010011110 0.269104
010011000111110011111000111011011011111101110010100101 0.288688
001010110010110110111110011101100100101011011010101111 0.315277
100111000000100101100100101001100010110010111111101001 0.210896
100110001100011000010110001101110110111001001011011110 0.126773
101010111100100110100100110010101001110001010100010100 0.477493
48.841460
1111111100111010100000100101000110110111111011110010100 0.244462
1001111110101000100100111001010110100011110110111010001 0.384063
0001011111111000110100000000001111111000000001001110011 0.330658
0100010110011111011110100100010110100010111001100001100 1.049916
0011010011100101110100110001010110110100000001000100111 0.646441
0100111000011010101100001011001011010111011011100110010 0.418073
1011010000001010110111110011101101100100001110100111111 0.351104
0011001010001100010001111100111011001110000000110011100 0.714436
0110000100000100000101010100100100110001101111111001100 0.162094
1111011110011011111111110000011010001111011110110010110 0.621085
1011111111110011000110001000000001101111001000010110001 0.667142
0110010011101111101111111101111011110100001111100000110 0.820330
0001100000001000010011001111010110110101110011001011110 0.273195
1110111110001010010110110110000000110001000101111110001 1.135720
1000000011111010101000010111101000010111010101011001110 0.594881
0010011110011101111111100001010110100010101000010111000 1.030371
0111101001001100011101101011001101001100100101101110101 0.711099
0111010111101001001011011001100010111011001010100011010 0.712855
1011100111100000010010100100011110000110011110011100000 0.523804
1111100001011011010000100010101001111111100100000010101 0.517443
63.717168
01001110100010100010110111111110101000001101000001001100 1.174000
00010110000110010111111101010001110101100110100100101011 1.194106
00111000101100111010111011001001011001011001011011000001 1.217387
01111001001010111110011011010000100010010100000100010101 0.928514
01100011110011011011101001010010011001110011000100101011 1.175614
00111000000101110110000001111100000111100000111011101001 0.780011
00000000001000011000111010010001010001111101001000100000 0.684612
11101010110011011001111110010000101110101110011100110011 0.931682
10000011101110110010000000100010101100111010011110000010 0.389177
00101010110101100110110011010011011100011101001010100000 1.114661
11111111001100000011001001110100001100110011010000110100 0.852675
10011101011101001101100111001111101000101111010101110000 0.800765
01011110001101110111001111000001001001101101001000011000 1.031311
10011000100111011000101101000101001001010001000100001100 0.636404
00111010001010110001110011110010111101000010001011011100 1.239027
00111110110011011011000110001101011010000101111010101101 0.471659
00000100001101011101011110011000110011010001000010001100 0.995500
10111101101101100110101101100000110010110011101111100110 0.842724
01011101001100101110110000010010110011011010110011001000 0.756340
10000110110010001011111111001101100111111001101101110011 0.373011
100.947338
001010100011000000110011111010111101000101010111010110101 0.832162
000101111011111000011111110000010010011101100101010110111 1.578799
011001001110000010010010111100001100011000111101101000010 1.494106
001100101101110100010011101011011110010101011001001110000 1.520531
100111010101111000111011101110111011101111011100101100100 1.081343
011111010000000101111010110001010111011110001011110111011 0.303889
001101000100001111111000011111011000011010110101010011010 1.682595
101110011111000000110110000110010101111001011100101001010 0.947098
100100000000101001101010101000101011111111110000111001011 0.396274
111001100100100110011100101100101101110100011000001010000 1.532142
000101101100111001111101101011000111001110001010100011000 2.392026
100111000011010011010001010101100101111101110100101001100 0.988048
010111011111100101111001010110100100100000001110011010010 2.283423
010010011001101011001010000111011111011100101001010101110 0.597395
011100101000101100101111101000110000100101100111111100111 0.980622
101000101000010110001100011101000111011100010101010101111 0.799946
001110101011000100011000111100010100010101110110011101100 1.439264
110110000001000101111110110010001101010000000001001110111 1.749701
010100101110010111011000100110000011111101001000111000111 1.279706
101000000101111101000101110110101101001011011110001101010 1.454868
