0.000044
0110101111 0.000002
0101111111 0.000001
1010101100 0.000003
0010111111 0.000001
0001010010 0.000002
0010100110 0.000002
0000011010 0.000001
0001111101 0.000001
1011010000 0.000002
0010001010 0.000001
0101111100 0.000002
1100000110 0.000001
1111111010 0.000002
1111000000 0.000002
0010001110 0.000001
0011010111 0.000001
1011000101 0.000002
1001101011 0.000002
1101111000 0.000002
1110001111 0.000001

0.000002
11100100001 0.000003
01010001000 0.000003
11101111111 0.000002
00001110001 0.000002
10001011001 0.000002
10010100100 0.000002
10000111010 0.000001
10111001100 0.000003
00110100010 0.000002
10001000110 0.000002
10110011011 0.000002
01001000111 0.000002
01010111101 0.000001
10010010110 0.000002
00101100111 0.000001
01110111000 0.000002
01001001010 0.000002
01100001110 0.000002
00111011011 0.000002
11110100110 0.000003

0.000002
011001001011 0.000003
101001100000 0.000004
000011011011 0.000002
001100010010 0.000003
100110111110 0.000002
111001100100 0.000004
011111000010 0.000005
111110010001 0.000004
000010111000 0.000002
110000011111 0.000001
101001111011 0.000002
001101101010 0.000003
001011110010 0.000003
100101000110 0.000003
101100101110 0.000002
111101100100 0.000004
100011101010 0.000003
110101101110 0.000003
000011010110 0.000003
001011111111 0.000002

0.000002
0111010010110 0.000006
0110010110011 0.000003
0111011000000 0.000006
1001000001011 0.000002
0101110000001 0.000005
0000001100100 0.000003
1000111001010 0.000004
1011001001101 0.000002
1000101010001 0.000003
0010011111010 0.000003
1011110010000 0.000005
0101100100110 0.000003
1111110011010 0.000005
0101000100111 0.000002
1010011100011 0.000003
1101111110100 0.000004
0111111001010 0.000005
1000001001000 0.000003
0011010000110 0.000004
0001110111110 0.000003

0.000002
00110110000101 0.000012
10111010100100 0.000011
10111011101110 0.000006
10011010001001 0.000009
00110010101111 0.000003
10010110001010 0.000008
00000011111010 0.000002
01011100001101 0.000006
10010111001011 0.000005
11010001010101 0.000003
11110001101100 0.000005
11001001011000 0.000005
11011101110001 0.000006
11111000010011 0.000006
01001101100110 0.000004
11000100100111 0.000003
00100110111001 0.000004
10001101100000 0.000007
10100110110111 0.000003
10011100010001 0.000007

0.000003
001111101000010 0.000017
010011110001001 0.000014
100010010101010 0.000006
010111010010001 0.000012
001111000100000 0.000013
101010111100111 0.000006
110000011010011 0.000003
011011111000111 0.000008
111111100010110 0.000013
010101000000100 0.000019
011010011100111 0.000004
110010110010010 0.000011
011000000110100 0.000007
110111001010011 0.000009
000111000010001 0.000010
010011001001000 0.000010
111101100110100 0.000012
110000010001101 0.000004
001000011100110 0.000003
000101001100011 0.000005

0.000003
0110001100111110 0.000011
1001001010111001 0.000006
1110101001011001 0.000010
1111010101001100 0.000017
1110010010100001 0.000010
0010000100001001 0.000009
1100101100001101 0.000014
0011010100011011 0.000011
0010001110010100 0.000013
1001110001010001 0.000009
1111110111000001 0.000016
1110001101110000 0.000014
1010110111111010 0.000009
0010001100001100 0.000012
0110000010100101 0.000004
0000101000001010 0.000009
0100000110000001 0.000008
0000100010100000 0.000007
1000001101110000 0.000011
0110100111010100 0.000010

0.000004
00000010011001110 0.000010
00110001101011010 0.000014
11010010010100010 0.000021
10011011101010101 0.000019
10101001000010111 0.000014
01111111010000111 0.000022
10100000101000111 0.000006
00110110100100100 0.000023
01111000000101110 0.000012
11101010011000100 0.000020
00011010110010000 0.000019
10111101111100000 0.000023
10011100010000100 0.000018
10000111001011111 0.000011
01101011111101110 0.000011
11101111110011110 0.000015
01101101111100111 0.000008
00100111110101011 0.000011
00010010111010011 0.000007
01110000111001100 0.000010

0.000005
101110101001011100 0.000041
010010011110110000 0.000039
100001000001111010 0.000011
011101111011111111 0.000024
100000010000000011 0.000026
001100000110100010 0.000016
100110011111110110 0.000020
001010111111010011 0.000025
000010010101111111 0.000005
111100110001101100 0.000030
000010001011010000 0.000027
000001111100110001 0.000038
001101110011001110 0.000029
000000110010011011 0.000015
110101101000001010 0.000065
000101000101111011 0.000004
100000001010011111 0.000007
110101001100110010 0.000030
001101011111010001 0.000039
010111100110000010 0.000038

0.000006
0110100110011101100 0.000055
1001101001110100101 0.000028
1001010100011110100 0.000039
1010100010011001001 0.000045
0001101010111111000 0.000041
0101011000000010100 0.000057
1001011010011010101 0.000043
1011101000011001000 0.000055
1011011011010011011 0.000033
0010100010010011001 0.000040
1001011100100101110 0.000042
1101011101001110110 0.000035
0011111000101001111 0.000025
1111011000011011011 0.000022
1000101011010100000 0.000062
0011010101100100101 0.000037
0101100100100100001 0.000051
0001110110111000111 0.000037
1010011100101110000 0.000058
0001001001111011001 0.000012

0.000010
00111000100111100011 0.000031
11111110010001101110 0.000076
01100000111110001100 0.000052
10001111010101101101 0.000063
01011110000111110011 0.000031
11100000010100011010 0.000041
00101001101111011101 0.000024
10000100100111011110 0.000013
00110000010000000111 0.000048
00100011011001100110 0.000057
00011001111110100110 0.000062
01101001100010000010 0.000077
01110011110001001111 0.000076
10011010010111110101 0.000031
00111100101010111101 0.000032
00011000101000001000 0.000058
10001100000101000101 0.000038
01010010010001010110 0.000047
00001100001111011110 0.000007
11111010011111000001 0.000068

0.000009
010111110100011001101 0.000119
111011111111000110011 0.000105
011000101000001111111 0.000028
110010110111011010111 0.000044
011101000111100101111 0.000042
000111110001110000101 0.000105
010101111000001110011 0.000102
111000010010111000001 0.000078
100010011100010010111 0.000088
010110100011010111010 0.000042
000110010101110101011 0.000048
001000010000101110110 0.000045
110000001001001110101 0.000033
010011111101100111100 0.000128
000110101001111101111 0.000023
101010010000111010100 0.000074
100110000100010100110 0.000088
111111110010000100001 0.000137
010100101011100001001 0.000079
111000011111101010010 0.000095

0.000010
0111011010000111100110 0.000089
1001011000011111100011 0.000028
1000000101111010010011 0.000107
1111110010110010110001 0.000152
1010001001010001011010 0.000088
1100101111111110101100 0.000153
0010010101111111111101 0.000084
0001111111010111011101 0.000103
0001000011110011001010 0.000158
0001101010111011110110 0.000083
0000111011010010011011 0.000102
1011111100101101101101 0.000102
1000000100011001001110 0.000047
1000100110011001110101 0.000045
0101111100001100101010 0.000098
0101100111101000100100 0.000204
0011100111011110101110 0.000089
1101111000100001000011 0.000151
1111110011111101101001 0.000143
1111001111010110001110 0.000134

0.000011
01111110100110011110000 0.000201
10110010110111001010110 0.000136
01101000001010001000011 0.000192
11111110000100101000010 0.000233
10100100010110010110011 0.000081
00001010100111101111101 0.000018
00011101010110001010001 0.000214
11101001100001011011110 0.000097
01111110010111100011111 0.000074
11010001110111010010010 0.000197
00010011100111111010100 0.000075
10110101110100001101101 0.000189
10000101111000011100010 0.000286
10011101011110011010100 0.000231
00001101111110000110111 0.000167
10101101010010111111100 0.000090
01101010000110010011111 0.000031
10111101000010010001111 0.000119
10000111101010001101000 0.000275
10011101000001000100101 0.000201

0.000015
010111110111100111011101 0.000246
000010111010110100101000 0.000302
101111111011101000001100 0.000438
111010110100001011100100 0.000250
111111011100001110010001 0.000353
111001001110010000001011 0.000340
100000101101100011011101 0.000193
001100101111111010010001 0.000361
110011001110111101101001 0.000211
000111110010001000100110 0.000292
111011010111100000100110 0.000415
100101011100011011111110 0.000118
011100100100001000100001 0.000248
111000111000100010011001 0.000205
100000001110111010010101 0.000169
000100100100001011001000 0.000217
101000011011111010011000 0.000319
110001010000110011000101 0.000128
010110000011010110011111 0.000106
100010000010010110011110 0.000070

0.000017
1010011110000110100100011 0.000343
1001110001110110001000011 0.000519
1101111101010011000000101 0.000593
0111101010111111100000110 0.000412
0010100111011011000111110 0.000263
0101111100100001110100101 0.000380
1011000001110111011010101 0.000231
1000011100011011110100010 0.000297
1001100011101111000100110 0.000338
1000111100110011100010010 0.000542
0100101101011010010111000 0.000458
1111100000011001011000110 0.000297
0110010111000011001000110 0.000452
1111101001010000101110011 0.000359
1001111101010110011001010 0.000470
1101111011110101010111110 0.000290
1011101000110110101000100 0.000491
1010100001001001101011000 0.000304
1110111000101100100000101 0.000425
0110101001011010000100111 0.000348

0.000023
01011010000011100100001101 0.000353
10000001011110101001110001 0.000711
00000100101001110001100111 0.000147
10011000010001101101101011 0.000069
11111010100100000001110001 0.000569
00000111000011100001011011 0.000286
10010010011101110110010011 0.000396
00010001010011100110001100 0.000459
10111110000110101000101000 0.000701
00000010110111100000001111 0.000633
10100011100010010110001010 0.000549
00111110110011111001110110 0.000409
11100010010101100000000001 0.000586
00101101011101100111100111 0.000376
11110101111010111111000111 0.000472
10110110010110010111000100 0.000728
10010010111110110110010100 0.000790
00001101001011011000101001 0.000516
00101101001101011000000100 0.000637
11001001110101010011100111 0.000364

0.000024
000011100010111100110100001 0.000741
101011110101100011111111101 0.000509
100010111000111011001110100 0.000619
101111110011110100101000001 0.001390
011010011000110011110110101 0.000350
010100111111010110001100111 0.000714
100001111101011011110111011 0.000373
010011111101101010000100000 0.001492
000110100010100011010000111 0.000774
010000111011011111101000011 0.000477
101101101001110111100101010 0.000780
000101110011000111111000000 0.001055
000000000101100001011011000 0.000906
110011001010101010000111010 0.000987
101110000001101001110110010 0.000684
111011111100010001000010011 0.001208
110000000011100100001010101 0.000942
010010100001101100100100001 0.000985
100110111011011110110001101 0.000612
100110111111110000000110110 0.001356

0.000030
1100001111001001010000001101 0.001221
0011011111101000100101101011 0.001398
0111011110100110101101011010 0.000990
1011011010011011100001100100 0.001203
0000110000001011010101000011 0.000536
1110010011010000011111110001 0.000542
1011100001101000101001111100 0.000715
0000001010000111111101101000 0.000336
1010100000110000110001010110 0.000691
1100010101101110100101111011 0.000879
1001010111101010000110100001 0.001495
1001110110011111001101111111 0.000765
1010110011111100010110111010 0.001305
0010010011000000010101100111 0.000439
1101101110011100001010001111 0.001395
0111000010000101111100000001 0.000801
0111010000111010111001110110 0.000580
0000110101010011111001010110 0.000437
1101111100000010100111100000 0.000750
0101010001110110000010011000 0.001715

0.000035
10000100000011000010101111010 0.000980
11011010010001010000101100111 0.001187
10101101100101000000011111110 0.001572
11001100000101001100101000000 0.001865
11110111111101111110110001100 0.001559
00111011010101011001101100100 0.001958
11001010101001011000110001100 0.001768
11111010000101100100000001100 0.002089
11011001110001001110101010010 0.001560
00010101100001010001100001100 0.001767
00100001000100000000010001001 0.001676
01011101001010110111100011110 0.000740
00100101100001011111110101011 0.000271
11001011100100111110101110000 0.000855
10011010100000001001011011000 0.001304
01001111100011100001110000101 0.002154
00000001111011110011111001011 0.000994
01111110010000010001101111011 0.000491
11100001100100010011110000101 0.001142
00100111111111010001110001011 0.002051

0.000046
100000111101100101110100000111 0.002248
011001001100001100100011000101 0.002166
101100001111111100001010000110 0.004309
000100101110011011111010111010 0.001955
110111011101001000100010111110 0.002717
010101111110010101011100011010 0.002864
001010010010001100010100110100 0.002086
000010000011001101000101111111 0.000456
000010100110111111010101100010 0.003108
000011000101011000011101010100 0.002964
110001100101110010000000101111 0.002823
001100001000010000101010011111 0.000634
001101000100000101100110001001 0.001491
101100000000010101110010111100 0.000582
001111010110010110111110100010 0.002175
101101110001001100001001011100 0.002625
010010110001100110110000001110 0.001944
001011010100000111111000110001 0.000954
000111001100000100001010010111 0.001253
011100000100000101100010100100 0.001813

0.000049
1111110000111001100100001110110 0.003303
0111100001001110100100101011110 0.003249
1110001100111101101111011011011 0.001755
1111111011111011101001001010010 0.005673
0001011001000010100000101011110 0.002940
1100001010110011111100111011010 0.001502
0000011111101000111110100000100 0.005073
1101000000100101100010001001000 0.004211
0001111100010110100010000001110 0.005630
0010000010101000010111101000111 0.001343
1101111010001110001000011100001 0.005538
0110100011000100001111011000110 0.002373
1011101010001110000010010010101 0.005278
1000110000111101011100011011000 0.004145
1100010110010101110011101101101 0.001059
1101001111001011110010011101101 0.002171
1100101011111111000001011000101 0.005822
1101111001110101010011001100011 0.004067
1111001100010101011010001111110 0.001355
1111010100110000010101100000000 0.004770

0.000061
11100001111111101110010001000101 0.007796
01110001001100000101011100101100 0.002657
11011010111101010101100100101010 0.007253
11000011011111101101101101110001 0.004941
00000000100001000111110101100010 0.001664
11100100000100101001000111111001 0.001463
11110101001011111100010110111110 0.004724
10110111100110110011001111101101 0.004642
01110010011101101001110100011110 0.004640
10001010001100100111011111010010 0.001598
00100101101011001110111110110000 0.003169
01001100010101011100010101111011 0.002279
11111010100110101000011000011001 0.006368
01111110100001110010100000010111 0.007008
01000011011001110010111011001001 0.005424
00001011100101011100001010001110 0.005547
10000011111111000011010111110100 0.005075
10000111011111000101010001110111 0.004556
01110101111101100000011111011101 0.005093
00100000111000111000111111101101 0.001989


0.000075
110101100110010100110001000010110 0.010850
010101100110010000010111000010100 0.009359
001101110100010100010010000111101 0.008214
101000011111000010111010110100110 0.004005
110010101011111000101010101011111 0.005345
101100101100101000101101110111000 0.006049
111010001001001101010001100010001 0.010278
010011101001010101000011011101011 0.005366
010011000011010100010101100101110 0.006909
000000000100011110001101001110101 0.003720
000010110000100001101111110100101 0.001519
001111111001100110000010000011000 0.012928
111111101000100101001010111100100 0.008560
000000100111010000010001101001111 0.004685
011001101100011001100011101001001 0.008121
111111001010110010101101100100000 0.011226
001001111011110001000011101110000 0.011102
101111001000100011110010010000101 0.006967
001001001011001111001101000111100 0.006608
101001001010100100100000001101011 0.008663

0.000096
1111110110010001111110110001111011 0.006406
0010101111010000100000000001001010 0.012831
1011001010110001001100101011101010 0.005874
1111001101011001100110100000011000 0.015910
1000111001000011011101001010111100 0.004943
1010011001110001010011001110000111 0.006151
0010001111101010101100000111101001 0.012883
1101001010000100010110100101011011 0.002270
1100110001101100001111010101100001 0.007020
1001101010011100011111100101110111 0.002703
0011011010011111010110101010010111 0.010244
0001100110100101100111101011010011 0.008779
1110101110100000010111000011111111 0.000870
1001111111111100001000000001110001 0.016705
0000010101011110001011000001001011 0.012588
1100100110011000111001110101111101 0.003747
1001101000111001111110101000000101 0.013033
0011000101110100101010111111110001 0.006296
1011101110111101100101101110001010 0.015295
1110011110100000000110011100111111 0.001170


0.000112
11101011100011010010101111001011001 0.011496
10110010111001000010011010010001010 0.020768
00101100010001010000110011100101110 0.010159
10100101100010101011100000001100001 0.022755
10000001001011000101101110001000001 0.016719
10001110000001110011100110011100111 0.005346
01001010010101011111101010110011001 0.010576
01101110101011101000101010101111110 0.012496
11100001001000110100011111100101100 0.009254
10111110110100011000011101000000011 0.025321
00010010010010011100100001000111110 0.015410
00100100111100100110010010101100001 0.017979
01011011001100101111101101001100011 0.010345
01010000110110100000110010110110001 0.015770
00011110101011010010001101010001110 0.019557
10111010001010000111010010100111111 0.001676
11100100000010001000100110111000010 0.016881
01110000011000110011100000111111100 0.007910
00110101101101110100101111110011011 0.008890
11001110001011010110001111111110110 0.004517

0.000128
101100010010001111001000000010011100 0.031489
010011101010001100010101011011101010 0.012316
111000011111111110101001010111110010 0.027692
010100101000110111101100101101010001 0.026707
000101000100100000000111000100101111 0.007951
110000111001111100000000101000100110 0.035044
000011110111000101111110011111101101 0.012900
110100001100001000011010001111000001 0.014959
000000001001111100000001100110110001 0.024063
100001101100010000000111011110011001 0.006999
111100100001011111011100010010101101 0.028773
011101111010100000101010010011100100 0.018801
000110001011010110001101100111101001 0.018007
110111011011101101011110000010100000 0.040259
101011010101011101010101011100110001 0.029622
101000100101010000000010110001000011 0.018767
011101011100101001011001110000110011 0.021798
100011010110000001011010110000001010 0.019762
011011000101000010101011101100101101 0.006048
110101101011101010000110001010111001 0.028810

0.000164
1011111001100111101000000110010111110 0.036240
0111001101100000000111101101101001100 0.015467
0101000111110101111010001001101000011 0.050185
1001101001100010010111110000011101011 0.014651
1010101010010001111011010111011001100 0.025208
1111100001100111001100000101010011100 0.039778
0001111110010111011111100110000011011 0.030711
1100111111010100111101100001010111100 0.036400
1010101010010101010011000011111010100 0.034647
0111011110110111110001010011101101000 0.053268
0000110010000011011010101111011011001 0.011913
1111111101001000100110001011000101100 0.038067
0100100100000011110101100001000010000 0.050013
0000001001111111101011101111010000011 0.034479
1111111000110101010001001011001000001 0.053843
0111101000000101111110000101010000111 0.033663
0100101011010011010011100100111000000 0.051917
0011100111110101110111110111100111000 0.029962
0011010101000100000000011001110011101 0.017743
0100011011110001111111000000001000000 0.058020

0.000197
10011010111001111000001110011011110000 0.057732
10010010111111011110011111100110010001 0.063577
00000100101011001100011110111001001000 0.049350
00010000110000000110000001001010110010 0.045224
01010010110111011011010110011010000101 0.067386
01000100011010000111110001101000010001 0.050426
00100010110101000001010000111110101101 0.011364
00100010111010111000001111111110100110 0.032310
00010100001100111010111001000111010101 0.049939
01000010111011111110100100111111111000 0.051354
01000000001100001100101110110000101101 0.024679
11000110011100100001000111111011110111 0.003693
00111101111000000001001011001011100000 0.036518
10100100111010111101010111010001111011 0.040384
11000101111111010001110000010111110000 0.051024
10101010111000110011111000100000000011 0.063354
10001011000011001011110111001010011110 0.022037
11000010010010100001110000110000110010 0.037656
10010110101100111010101111001101100011 0.047029
00011100010111110111101111011100000111 0.048135

0.000235
110111101110001100000100101100010000100 0.108072
011010000000000111000100010011010101000 0.085079
010011001101011111001101000000000100011 0.130625
001000100110111010010011100110000000100 0.109429
100001011000110111000110001000100110000 0.117403
100011010111001101111001111000011110110 0.060697
101011001010011000000000100000100110011 0.089054
101000100001001001110001000000110000001 0.100344
011100111011000011110010010010110111100 0.074842
011011000011101010000101100101101110110 0.041253
111011101011110110000111111101111000100 0.071083
011001101010001111100101100110011100001 0.107063
000100111010101010101111111010000000111 0.075619
010000101111011101010100100101100000010 0.125520
111000000110010011101110111101101100001 0.051634
111000101111000001011000100010110100001 0.084340
011110101110101110110001011001011101110 0.068999
011110000011100110010001011000011100011 0.073921
110110000010100000111111011100111000011 0.019065
010000011110011010101001001100011010001 0.109126

0.000266
0001101110100011011000010101010010001000 0.129815
0011111011011011110011100111001000000011 0.142790
1000101000000111001011111111110110011001 0.019042
0111101011000110011110100010101111101010 0.090284
0000001000010110110111010001110101100110 0.085331
0010010010110011000000010111001000111100 0.068502
1100000111001011110101111111100011100111 0.076192
0111111000100000010100111001101001101011 0.033159
1010001000110001101100100100100011011000 0.133466
1011001101100001010100000101100110100001 0.114811
0111101111011011100010100010100100010111 0.117679
1101000110100110110110001110010001101010 0.146877
0011111011000011011000110010101010101011 0.101713
1100111011111111010110011011111010000101 0.150935
0000111010111001010001011011000101100001 0.104615
0110101110101111000100010100111010010000 0.151844
0101101001101010111100011010001011000100 0.178519
1010101011101111011100110011000011001111 0.127302
0010000001110111100110000101010011000001 0.157982
0010010011110111000011101000011011111010 0.058455

0.000355
10110100100001100100001010010011111010100 0.099855
11101101111011000111111100010001110000111 0.177144
10011011011001100101100000000100010001111 0.219636
10101001011001101011101110011110010111111 0.070386
01010111111000101100110101010011000101001 0.171226
01110100010100001010101001111010000111011 0.049762
00101001011010110100110001100101000001010 0.190917
10011010100000100100100011000011111000001 0.146847
10011011111111001101100101100010000101111 0.211520
00111100010010001010001101001110011010001 0.117860
00000000111001000111000011011101001111111 0.054627
10001100111100111011000000000011110010101 0.262454
00100000001000001011100010000110000101111 0.120618
11010100110000000001100001111111011100001 0.038036
11111010010111100000001010100110111010110 0.089934
00111000000110000100100011110001110100100 0.101736
11110111111010100011011101110111111110101 0.082002
00101001110011011011110001101110110011011 0.101343
01100101001110101110101010010001010110110 0.174110
01011001011111111001111001000000110010010 0.249087

0.000546
001110001111001011100101101000110001010000 0.306395
011111010011000000111001000001110011111000 0.241637
100111110000101100101000101011110001110001 0.233102
101000001010111100110001011011000111001101 0.174655
111100011000001100011101111011001011110000 0.116122
100010111100111000010010111111100101111101 0.085791
110000001101010111100010110100011101001011 0.170021
001011011101100011100111100101001010001000 0.285857
100111010001111001001111101111010001111110 0.125848
100101111000100000100001011110010110111011 0.032496
100111111110111110011001101000100100110100 0.376050
010111001100010011000011010001010001101100 0.175015
000111010011000001011011111010010001101010 0.170417
010000111110110001100000100000000100001111 0.270403
111011111000010000001010111010010000101000 0.188011
000000010010110001111001011011111010001000 0.211974
001001111100100011011001101110101111001001 0.200027
001000001010000111110001101111100001100100 0.182053
101110100010100001111111000101111101000011 0.172498
010101011101011110100010001110110101111101 0.175176

0.000491
0111000110011000000000110110111001000110110 0.165618
1001001101100010011111001000100011011011101 0.298220
0101101111011000110010110010101101100001111 0.260845
1011100011110000111110101111000000110000001 0.566962
1101010001110000100011001011000010110100011 0.287506
0001010110000000011001100010000101001000001 0.387580
1010010100110001011111110010001010101011001 0.371354
0101111011010000111011111101101000011001100 0.397240
0111100100000100101011010101110111101111111 0.039232
0001101011110100000001011000000011111111100 0.105415
1100110011011000100000010110100000011111100 0.262985
0010101110011110011010001110101101000111011 0.291140
1101000010101000011001101100010000001011111 0.206827
1110111001110010100111001100110101110111010 0.223879
0011001011011010101101110001110111100011001 0.245053
0100101011100101110100001110101100100001101 0.419242
1000000100011011000001110010001011000111101 0.139928
0010011010111110011100011011101111101001001 0.274889
1001110111100010010010011001100100011110110 0.263405
1101111001001101000100110011100110000010000 0.450139

0.000565
00010111011111000011111111011001111111101100 0.358285
00011011001110010111110001011110101011101000 0.600693
00101101010010111100110101001000000100100010 0.733957
10111010111110111011101010000100111000010010 0.774875
01011010100111010001001110010101111110000100 0.260525
01000000001101010110110010101011100001010000 0.650699
01100110011001110010101111110000110001010011 0.352169
00010101110111101010111010100011111100001010 0.613340
10001111100111111001100010111000000110100000 0.742057
00010011010001001110100000000100100011000100 0.564152
00101001000000000001111100011100111011101111 0.041931
11010100001000101001101100001001100101100011 0.346395
10011011100000101100101101011000001100011001 0.387809
11010111100101111011101110110110011100110111 0.375341
01010000110110100000100000111001000101000011 0.400105
11010110011101000001001010110101111011111011 0.032508
11000101111011110011011101010001001000100101 0.708225
11110111010111100011011001111110110101000100 0.509230
00010110001101001011111011100001011010011101 0.464620
11110001111001000110100000100001001000000001 0.580592

0.000725
001001001001001001000011011010111001001011110 0.143908
011110010101001101111110101110001011110101101 0.491529
001001110100110000001000110010001010001001001 0.777495
011100011101000001111110011111000011111010000 0.751192
011001110101010100111011101100010000001010011 0.880410
110100101100000011110001010111010011000010101 0.598700
010110110010010101100000110101000101010011110 0.528171
000100111011100100110110011111001010110000110 0.729806
000100111000010100100101010111000101100000011 0.711192
100100010100011011010111101101011001011000100 0.703446
010100100001110100110110101010011001011000010 0.875029
110010110011100110110011011100000110101000011 0.774164
101100111101101000100001010011001100011101100 0.540069
001000101110110010010001101000110110101010011 0.420372
001110011100101010100011010101001111011110110 0.153250
110110101000110011010011001001001100010111110 0.427525
010100000000001111010101001110110110110111010 0.262303
001101100111101111110101000001001101000110110 1.046465
111101110010101100001100010001001001110100111 0.681891
011101110110011110101101010111111101110000111 0.458877

0.000894
1110111011010100011001011111011110110001100001 0.529767
1001111000001000011000000100110011011011000110 0.480717
1100101101100101001101010110101100101000011000 1.144662
0111011000111101110101111110010011001000111110 1.118416
1111100001101011000101000111001110000001001111 0.791939
0110100011101110000101000001111011000000011000 1.122024
0110110000111101100011101100101110111000011111 0.863461
1111000011101000100000101000001110101110101010 0.504230
0010101110100011101000001111001110101111011000 0.314696
1110011111001011100000101111001010101100010010 0.921170
0100100011000000010001001011100011101001010100 0.521550
1011100010010001111000101100000011001010110101 0.877689
0100000001000010100100101100001101111001001100 0.529572
0011110000111100000100000100100011110100111011 0.352936
0000011110011000111010011111001010110011111011 0.401240
0110100110110001111011011101110000110010000000 1.506721
1101010000000101110110101110010010110111010000 1.082054
1110000101100100110100101001011100110110100000 1.011042
0101110000110001110001000001111100110001010111 0.532941
0100011110101111000110111100111111100000101011 0.933053

0.001069
11101110011001001010100011110100110010100100001 1.675124
10011100011101110110101110000011011111000011010 1.852873
10101001011110110111110111000000010010000111011 2.344579
01000100001101000001000110110100111010011101100 0.488710
10110000100100111010110010100001111101001111000 1.481433
01111000001110001011010111111111001011010010100 0.782071
01110001101111010111100100110100000001101010101 2.190652
00101011001110010010110001110010011110000000010 2.289684
01100010011010000001111001001010000010110011110 1.822308
00111011011100100001101110001011110111101010110 0.726644
01101010001000000001010001110100101111101010101 0.359391
10010011010000110010101010110011100100001100100 1.909694
11110111011001001101000010100010010100111100110 1.485706
01011110000111001000001010111011111011010000011 0.611405
10001111110011001100111011010011011111110110111 0.863276
01100000110110111011010001011100011101110111010 1.019130
01111110101010011110100000110011010110011010011 1.493487
01010101000000111000100011001101111001011101110 0.242098
01111100010001011010000000101100011110010100100 1.571060
10000010001000010000111101000101001100110110101 1.023812

0.001238
000000111111001010100011010001111110101111010101 1.246217
010011000111001010000001111100011101101010011000 0.951753
000011110001011000110101001100000110111101101100 1.751852
011110011110000100000001000111000011111101010000 1.236598
101010001001010101100010011011000010100100110001 1.793654
100001011011000000110000100111111010101011100000 0.768465
000111010111011100011001011110011001000110001011 2.325327
100010110000000001111111011001100111011110001010 1.724201
110110111101001101001000101011111010111111010100 0.718118
011111011110111010000011100110001010101101111100 1.939483
001011011100111011111101100000101011111100001101 2.652144
011111011010010101011011110100101011110010010111 1.929521
010111111101000101001111101010001101110001111110 1.894147
000101111000010100010110110000111101111100101100 0.890951
100000111101011000010000001011010000100100111110 1.193263
001011110110000101001100001010100001010011110110 1.568663
110101110111111111001111110101101001101011100110 2.219240
101100111000001010111001101011010101101110010101 1.271736
001101101100000001010111010101110100111100101011 1.100472
011000101001001000001000101001010001111101010000 1.208494

0.001603
1000110010100100010111110101111011101100011000010 3.931227
1001001010001001110000001011000110110111111101001 0.341303
0111100010001110000100101101000100001000111111001 1.975150
0011000001010000100110000011101010001111000110011 1.426972
0010000100111111111000111100010101111011101011101 1.904262
1101100110001010110101001011001110110011110101000 2.354441
0100101100101011001001000100010101001110011000000 3.970511
0101001001100001000010110100100011100000101111010 2.696831
0011110100100010110100010010111011000000101011111 1.694302
0100001010111100101110010111100010100010001011011 3.505451
0000001010111000100111011000101011100000010100001 4.556403
0111111110111101101111001100111000110010000101010 5.205483
0100010010001101000001110010011011010110100000011 3.216968
1100100011110010000101100110000000011101111011000 3.057923
1110110101111101100001100101011100001111111000101 2.454095
0101100011001110010011001001000110100101001010010 3.919720
1110100000011011111100000010101000011111100101101 1.973199
1100101000001101100100011001110010111000001100100 3.569640
0110110011011011010000001011101011101010100100111 1.184466
1011111000100110000111000001010111010000001011001 3.857013

0.001968
10010010010001110001110110100010001111110100110111 3.601213
00111111001010110111100101100110110010001101000100 6.865651
01011101011000001010101111110000001110100101111101 3.565794
11101010010100011110100010111000110101100011100111 2.905022
00010100100110111000000111100101100111100101101001 2.517918
00111011001111101110011101000101010111111101101100 4.495009
10011011010011000010000010110011010101011001101111 0.758199
01001010100110001000111111100011010110110000101101 4.656510
01011010011001010101110011010110110101000011111001 3.854217
10110110001101001101101010001100100000110100110000 7.082581
10000100110000110101010111000001110111011011010001 4.019646
10000011000101011011011011111111110110111001110110 2.778718
10110111110011111011000011100111011000000011001101 6.104671
00010101110011100110110010100100000010111111101100 5.361385
11110110010111011110000011100110110100101111110000 4.009801
10011011000100000110100011001111010101010000101010 3.141407
01101000011101001111000101110011011110101000101101 2.771115
00011110001101000111110010001100101110010110110000 6.241205
10100101010000110011111011100101011001011110000011 5.320688
00000001110111000001011011110100110010111011111001 2.119790

0.002286
001111110111011100110011001110011101001010100110010 8.598875
000001001110111110010011110011101110011111000000110 7.264421
101001101100000111010000001101101100011011100001010 4.629852
101001001010011010000010001110001011001011000110111 2.640624
011111001010010111110001001100101000100001000000000 10.196148
101011100101111011010010111100011011111000010011101 5.687927
101101010010110011010011100110001110101010010010000 10.603387
101110001100001000101110011011110011000111100011101 2.052577
001100001110000100101111000101010010110100011101111 4.114288
010001100000011011101111111011001100000010010111011 7.985769
000110001001111011111000001100000010100100011101010 9.087155
110011101111011011110100010001011111010000001101000 10.344022
101101000100101010001011001011000111010010100000011 7.591613
001111101000000011111011110111011101110111110100000 5.261348
011000101110000000111100110011111011011010110000101 3.954249
110101001101011001111011001101010101111110110010011 4.574871
001101101111000010100011101100100011001000010011011 9.119556
000000110010000000100011100001000000100110000011100 8.077566
101010110110101010011000110001000010011111010000010 9.178046
101111111111010101110010010100001101011011110110010 6.189206

0.002636
0001000101100011000111011000111001101100011111001001 7.674275
0101110100110111011000110000101110111001000001010101 10.800613
0101100100010001011111111010101000000001111001111101 10.307936
0011011000100101000111001110111010000000110000011000 12.309622
0001111010000001001101000010111000111011001111010011 1.452981
0001110110110101111101000000101100101001101001000001 12.949010
0001101000000010011000001110111010101000101101110101 2.458532
0111101111100100001001001110001110110010111010111011 4.217600
1011100111111001101000011001101001011111101010100001 8.995852
1011100011000010000100110100100111101101011000011111 2.950560
0001001000011010110100010110000111001011100011010001 8.591417
1100111001100011001000101111010111000100011010011001 8.638608
0100110100100111000101010001001001110000100000110001 9.819464
0101110001100011110001110011111011000010001111110111 4.693611
1010011100101110000101100101011000111000101001001010 10.749826
1000001100010001110111011000000101100101110011010110 9.803155
1101111000101010000110010100000010011101110011011011 5.281629
0100010110001111110100000000101100000111011110100001 6.856091
0000001011011110001110110101111101101110110010010011 9.166707
0101000011100011111100011001000011010011000000110111 11.689400

0.003450
11000100000111111011111010000111000001001011101011001 19.422702
00001110100000001100000111001011000010001000001011000 17.951520
11001100111111110001111000010011111000000110000001111 18.726262
00110011011010010111010110110000111001111100010111000 14.525571
11010101000001111111001100011011001111001110011011110 6.875264
01111110001100001100111110101001001010001111000000010 22.014645
01001001101000101000010000111110111100000011011001011 4.275776
10100100010101011000011101010110110011110010011010010 12.756752
11000010100000000001110010001010011011001110011110111 1.993512
10000111101100100010100011010011100100111011000110001 13.338084
10001110101011010010000001011100011010000111110000011 11.100358
10110101010111011111111101001100110101001001100010000 25.095457
00101110110001011101000001000011110011100000000111000 17.961226
11110010101110001000010111000010001011010100111100111 11.254491
11101101011101011011000000101000110011010111111100000 9.474285
10011001100110111100011111111111111000100000011000000 23.981348
00101111010011010101110011011011101001000111001000110 18.891353
00010010110010111111100111110101011101010110110001101 11.866821
10010110100110100000100101100101001100110100010101110 10.885096
00011011011001001001011001101000100001001110001001011 17.114131

0.004303
100011100110100010111101100110100011000010101010010110 25.494044
100011001100100001101101111111110100001011011111110011 15.212927
001110100010001011101001111111010100000011111111101110 15.564133
111010011111111100111110111101110011011011100111000101 22.463518
101100001011100000110000010011000001100110001011110010 12.884548
111100001110100100111000111001011001000101011011100111 19.074789
110111100011001010100011001011000110000010100001001100 24.961600
101101001011010000000000011111000111110011000110100101 6.426187
011011001001010111100001111110110000101100001100111001 27.306894
001010010100101000011001000101001100110110001111101101 3.264534
001000010111010011111011000011001110001001001011000101 24.581578
010001010001111000000010001101001111011001000111011000 9.470608
001101010000011011110110011001100000001001100101000000 31.710024
011010011010001011111010001010100010000100111011111010 19.774172
000011000001001100001100101100100100000001111010011110 13.915380
010011000111110011111000111011011011111101110010100101 19.391024
001010110010110110111110011101100100101011011010101111 20.045661
100111000000100101100100101001100010110010111111101001 7.739432
100110001100011000010110001101110110111001001011011110 4.554569
101010111100100110100100110010101001110001010100010100 23.903840

0.004987
1111111100111010100000100101000110110111111011110010100 9.702240
1001111110101000100100111001010110100011110110111010001 15.486698
0001011111111000110100000000001111111000000001001110011 25.461035
0100010110011111011110100100010110100010111001100001100 46.578083
0011010011100101110100110001010110110100000001000100111 37.206850
0100111000011010101100001011001011010111011011100110010 16.779442
1011010000001010110111110011101101100100001110100111111 18.089839
0011001010001100010001111100111011001110000000110011100 35.809007
0110000100000100000101010100100100110001101111111001100 12.472041
1111011110011011111111110000011010001111011110110010110 26.677821
1011111111110011000110001000000001101111001000010110001 38.509365
0110010011101111101111111101111011110100001111100000110 32.792231
0001100000001000010011001111010110110101110011001011110 10.265082
1110111110001010010110110110000000110001000101111110001 46.327693
1000000011111010101000010111101000010111010101011001110 23.302708
0010011110011101111111100001010110100010101000010111000 47.562636
0111101001001100011101101011001101001100100101101110101 26.560370
0111010111101001001011011001100010111011001010100011010 30.862128
1011100111100000010010100100011110000110011110011100000 28.917829
1111100001011011010000100010101001111111100100000010101 25.560859

0.005709
01001110100010100010110111111110101000001101000001001100 69.196965
00010110000110010111111101010001110101100110100100101011 53.480843
00111000101100111010111011001001011001011001011011000001 53.616734
01111001001010111110011011010000100010010100000100010101 69.468727
01100011110011011011101001010010011001110011000100101011 51.890763
00111000000101110110000001111100000111100000111011101001 31.562239
00000000001000011000111010010001010001111101001000100000 45.234188
11101010110011011001111110010000101110101110011100110011 45.187242
10000011101110110010000000100010101100111010011110000010 27.498006
00101010110101100110110011010011011100011101001010100000 61.637336
11111111001100000011001001110100001100110011010000110100 51.927794
10011101011101001101100111001111101000101111010101110000 37.363885
01011110001101110111001111000001001001101101001000011000 66.287115
10011000100111011000101101000101001001010001000100001100 49.093685
00111010001010110001110011110010111101000010001011011100 56.744262
00111110110011011011000110001101011010000101111010101101 20.948368
00000100001101011101011110011000110011010001000010001100 66.316892
10111101101101100110101101100000110010110011101111100110 40.968396
01011101001100101110110000010010110011011010110011001000 39.133352
10000110110010001011111111001101100111111001101101110011 32.505143

0.007425
001010100011000000110011111010111101000101010111010110101 31.107243
000101111011111000011111110000010010011101100101010110111 59.305890
011001001110000010010010111100001100011000111101101000010 77.135048
001100101101110100010011101011011110010101011001001110000 66.146392
100111010101111000111011101110111011101111011100101100100 49.760750
011111010000000101111010110001010111011110001011110111011 18.662729
001101000100001111111000011111011000011010110101010011010 64.475684
101110011111000000110110000110010101111001011100101001010 45.223861
100100000000101001101010101000101011111111110000111001011 14.617962
111001100100100110011100101100101101110100011000001010000 93.941909
000101101100111001111101101011000111001110001010100011000 95.811323
100111000011010011010001010101100101111101110100101001100 40.485537
010111011111100101111001010110100100100000001110011010010 102.320356
010010011001101011001010000111011111011100101001010101110 21.794867
011100101000101100101111101000110000100101100111111100111 40.354531
101000101000010110001100011101000111011100010101010101111 29.875469
001110101011000100011000111100010100010101110110011101100 57.113697
110110000001000101111110110010001101010000000001001110111 81.693111
010100101110010111011000100110000011111101001000111000111 48.984559
101000000101111101000101110110101101001011011110001101010 53.171705
