TAMANHO: 10
0111111100 0.000019
0111011100 0.000013
1100100101 0.000010
1111011100 0.000010
1100111111 0.000009
1011010001 0.000009
1110010101 0.000009
0100001110 0.000009
1101110100 0.000010
1110000000 0.000009
1000111111 0.000009
0110010011 0.000009
0101101000 0.000010
1010111111 0.000009
1101100000 0.000010
1001011010 0.000009
0111100011 0.000010
1001100011 0.000010
0000111100 0.000009
0010000000 0.000009

TAMANHO: 11
10110100110 0.000021
01000110011 0.000017
01001001001 0.000015
00011000110 0.000014
01110101011 0.000013
01010111010 0.000013
10011101110 0.000013
01101100100 0.000013
01110010000 0.000013
10011110101 0.000013
01000011110 0.000012
11101000011 0.000014
00000000110 0.000012
11100110010 0.000012
00001101110 0.000011
10110101001 0.000013
10001100000 0.000013
11010010001 0.000014
10111010011 0.000013
10001101011 0.000013

TAMANHO: 12
101111001110 0.000039
100101000111 0.000023
010010011101 0.000019
110100010010 0.000019
001111000110 0.000018
010100011111 0.000016
010001111011 0.000017
100100101110 0.000017
001110000001 0.000018
000110011111 0.000016
011010000111 0.000017
101111000110 0.000018
110110000011 0.000018
001000011001 0.000015
111111000001 0.000017
000010011101 0.000015
110110111101 0.000016
000011011100 0.000016
000110110111 0.000016
100100010011 0.000015

TAMANHO: 13
1001111111110 0.000042
1010001111101 0.000038
1010111111100 0.000033
1000110101100 0.000032
0001110010100 0.000031
0010111010010 0.000030
0001001001101 0.000027
0100010110000 0.000028
0001110101010 0.000029
0010000101100 0.000025
0101001000001 0.000027
0000000000110 0.000026
1101111001011 0.000027
0001111011100 0.000027
1011101101101 0.000026
0101101010100 0.000027
0100101000000 0.000025
0000010010011 0.000026
1001010101101 0.000026
0010001001001 0.000025

TAMANHO: 14
11101111110001 0.000064
11000101111100 0.000046
10010001001111 0.000043
00111001110110 0.000027
01001001001011 0.000024
00000001101101 0.000023
01111000011010 0.000023
11001010010001 0.000024
01000001001000 0.000022
00101000011000 0.000021
10101011111111 0.000021
00100100101011 0.000021
01101111101110 0.000021
10010010111001 0.000020
11110000010001 0.000020
01011111000110 0.000033
11010000011011 0.000030
10001001110011 0.000031
01010100101100 0.000030
00011100001101 0.000031

TAMANHO: 15
011101000010110 0.000087
111111000100100 0.000060
111100101110000 0.000055
001111101110010 0.000052
001101110011100 0.000050
001000011011101 0.000043
101001110010010 0.000045
101000111111110 0.000039
010101101010011 0.000040
000011010100110 0.000038
111000010001110 0.000035
010000000001101 0.000035
100110100000000 0.000035
011110110000000 0.000036
101101101010010 0.000059
111010011100010 0.000034
101101111111011 0.000033
100100000110110 0.000033
101111111011010 0.000035
110011100101110 0.000035

TAMANHO: 16
0000000010100010 0.000089
1111000111110100 0.000079
1000000010100110 0.000069
0011101100000101 0.000072
1101110111010000 0.000068
0110101011011101 0.000062
0111000110101001 0.000062
1000011101000101 0.000059
0111110011111110 0.000055
1011111110101110 0.000056
0100001010001111 0.000052
1001111000110001 0.000055
0011111110110001 0.000057
0100011010011110 0.000052
1111111011010011 0.000053
1101000000101111 0.000049
1010101110100100 0.000064
1101000111101001 0.000078
0010010010100011 0.000074
1010001000011101 0.000074

TAMANHO: 17
01101101110101010 0.000198
10110101111010100 0.000175
11000011100011111 0.000165
11110111001011101 0.000166
00100110001010011 0.000165
00000011001000101 0.000165
11101110011010001 0.000157
00000010110100001 0.000159
11000000110000001 0.000157
11110000101111110 0.000155
11001101001111011 0.000155
11001101111101011 0.000175
00001000110110011 0.000153
10100110111000011 0.000154
10110111011111100 0.000165
11000001101101000 0.000156
01111000011000001 0.000146
01110110000001101 0.000103
00110100101000010 0.000101
10000001110010100 0.000101

TAMANHO: 18
000100001000000110 0.000225
000110111111110011 0.000200
101000100110000101 0.000164
001111011100101001 0.000173
111010000101011110 0.000154
001111000111000101 0.000158
110010110001101111 0.000152
000011100000001010 0.000153
010000001110010111 0.000146
000000011111111110 0.000144
010100101110101011 0.000149
110110010101110010 0.000151
000101111000001101 0.000160
100111101111001000 0.000157
011011010011011110 0.000149
100010000001011101 0.000166
100000000000010100 0.000145
111100100000011001 0.000186
010111010001101110 0.000238
111010100101101101 0.000249

TAMANHO: 19
1110110001101001100 0.000420
0011110011010000011 0.000414
0001100000100101000 0.000395
0100011011010110111 0.000395
1000001100000111000 0.000389
0011000011011010001 0.000396
0111001110010001111 0.000399
0011001101001011000 0.000319
0011100100100110101 0.000368
0111011010010111000 0.000280
1010100010000100110 0.000296
1010110100110100110 0.000271
1011010011100111011 0.000263
0101001001100100011 0.000264
0101100010101000010 0.000264
0111000100001000010 0.000262
1001111000110010101 0.000267
0001111001010100110 0.000268
1100101110011100110 0.000271
0010111001000110011 0.000228

TAMANHO: 20
01101000010000011011 0.000403
01100101111011110110 0.000360
00000100010101111000 0.000372
01001100110011011001 0.000375
10000011011101110011 0.000359
01011011000100111101 0.000373
01011101100110100010 0.000358
00101010010110000000 0.000305
10011001101001110100 0.000280
01111011011000110000 0.000268
11011000000000001110 0.000255
00100010111010010101 0.000280
01101101110100100011 0.000298
01011011000111001001 0.000268
11010001100101011001 0.000198
01011101111111000011 0.000200
00100110100110001010 0.000197
10001010110101011011 0.000198
00010011100000110100 0.000199
01111010101100011110 0.000209

TAMANHO: 21
101101110101101111101 0.000324
001100000010011001101 0.000395
001011111010110010011 0.000452
000101110111110000110 0.000462
001111011100111011111 0.000445
110011110010010100110 0.000451
010111111001010001000 0.000359
101011000011000110111 0.000306
010011011011111000010 0.000338
001110101111001000000 0.000280
011100000101111010010 0.000248
000101110001011011101 0.000247
001111111111011101100 0.000253
011010000001100010111 0.000245
011101000101010110100 0.000250
011010000110011001010 0.000249
101100010000001100001 0.000247
001111011100000011001 0.000261
110000000011110001000 0.000258
011100010110000101010 0.000351

TAMANHO: 22
0010001001101110110011 0.000451
1100010010011101001010 0.000471
1111101010001100001101 0.000500
0001001011000101101011 0.000492
1101011100111010010111 0.000448
1001000011100110100110 0.000326
0111110100000100100101 0.000295
0110000001011001001100 0.000288
0110001100110001011101 0.000324
1011011100010001010110 0.000305
1000000010000001110010 0.000296
0001111010000001101101 0.000303
0111111101100110100001 0.000316
1011111011001110101011 0.000303
0010010011100010100000 0.000305
1100011001010011010111 0.000288
1011000000000011010101 0.000284
0101110000110000111010 0.000292
0001011110100111001111 0.000290
0001101000101100010010 0.000292

TAMANHO: 23
01010000000110000100110 0.000502
01000100111001011110011 0.000648
10110101110100000100001 0.000669
01111011000100101000111 0.000504
00111001100000010110101 0.000457
00010001100111101011111 0.000442
01010101011001100100100 0.000462
01110110000111001111010 0.000450
01110011011110011110110 0.000462
00000100101100110000010 0.000453
11001100010100010100001 0.000456
00100000110011001100011 0.000449
11011101110000010010001 0.000490
11011001011111110000011 0.000464
01010001110010001000111 0.000472
10111000001110101010110 0.000637
00000101011001001000010 0.000666
10000100101001011010001 0.000481
01011101110101001101001 0.000468
11111000101011000111001 0.000471

TAMANHO: 24
100001000001010000100001 0.000772
010101111110010011110011 0.000620
111110010101110000011000 0.000630
001001100100000100100101 0.000626
111100101001001111010101 0.000600
001110110110000111111001 0.000604
010111000110100100101111 0.000745
011100010100100101111110 0.000825
110000110011100010101001 0.000681
110111001011011010101011 0.000659
100011001101010000111010 0.000623
110111110100101001111010 0.000617
010101111110101100110010 0.000633
010100100110111101001001 0.000653
110101011100010111010110 0.000616
100010101001001110100101 0.000619
101110001010010010101011 0.000678
001011000111111001011011 0.000863
110011011100101101001000 0.000706
010010000000011000010001 0.000588

TAMANHO: 25
1000111100010110010000110 0.001060
0000110011110011000101011 0.001021
1010001110011110000101100 0.001054
0100110100001100010001110 0.000985
1110100000010011001000100 0.001277
0010111000100000010101000 0.001133
0001010011100111110110001 0.001001
1011010100100010110000000 0.000992
1101000111010011000010000 0.001046
1000011011011000110111000 0.001015
0100101110000101110011111 0.001054
0010001010110101001000110 0.001371
1001010110010001100110001 0.001013
0001010101101011000110000 0.001004
1011110110011010111000000 0.001062
0000100101011010101011100 0.001347
1011111000000010000001001 0.001108
0000110101000100100101111 0.001321
0011101111001101010001100 0.001062
1100011111100010000001101 0.001022

TAMANHO: 26
11100001100101101010000001 0.001366
00000111111101111000000100 0.001450
00000101111010000101000011 0.001795
01011100011100000001001100 0.001418
00000011011101010101010000 0.001427
00011111011011111101011010 0.001378
10010111001100011110101001 0.001447
11011001001001011100101100 0.001747
01101101110100100101000110 0.001413
01011110100110011100000111 0.001405
11110110101010101000110011 0.001390
01011000101111100100100100 0.001660
01100010011100101001110010 0.001544
01001001010110001101001110 0.001383
11111001111100010101010011 0.001399
01001010101110110000110011 0.001402
00100001111110010001001000 0.001831
00101100111000111111101000 0.001565
01001100010011000110000111 0.001380
01110111010110001001111001 0.001415

TAMANHO: 27
110011000101101000111010010 0.002236
111010011101000101100100101 0.002222
001110001011011001100101111 0.002061
100110100000010111110000001 0.002037
001101110110001010011011110 0.002089
011010111000010000010011110 0.002061
011010000011010000111111000 0.002053
011100001111011000100101101 0.002110
010101101110111101111000101 0.002082
110000000101000101101110110 0.002049
001000000011110110101010000 0.002064
100100101101000010110000010 0.002083
100110000000100000011001010 0.002424
000100010010010011101001100 0.002050
100001110110011010101011111 0.002063
001101000101110011111011100 0.002073
010010101000011001000010000 0.002060
000011010101001011000001101 0.002083
101001111111001110011111000 0.002098
110001010100110110000110001 0.002078

TAMANHO: 28
0110000000101001111101001111 0.002871
1000100011110010110001000011 0.002890
1100111110101101101100000010 0.002974
0101010011010100101100001110 0.002905
0100000101111100101000111001 0.003181
1100010001000011010100111011 0.002848
0011011101110101011101110111 0.002851
0100010010111010101111101100 0.002869
0100011110100001101011111110 0.002829
0010111010011110001110110011 0.002895
1000001111110011101110111100 0.002840
0111011011110001100010001110 0.002957
1101000011001001000100000100 0.002837
0011111111101110000011100110 0.002957
1001001110101010111001100110 0.002906
1010111011101110100001011110 0.003216
0110011001011100000101101110 0.002935
1001101011111101111000011000 0.003001
0110101110110110001010010011 0.002968
1101111110000101110100011110 0.002897

TAMANHO: 29
00100101100101101000011100011 0.004597
00110001111110000011101101000 0.004512
10011110110101110011110111000 0.004354
01000001110100010010000010110 0.004567
11100001011101000011010100111 0.004384
01011101111000101100110101100 0.004347
00110000001101011010100011001 0.004298
10001000111110001010010000001 0.004398
00000110010101010011000101110 0.004352
10111000100100111101010100111 0.004232
01011000000001111110010001101 0.004493
10011000101110100010101010101 0.004350
00000001000001001110000000001 0.004312
00100000100001010000011001010 0.004273
01111010001011101101000010111 0.004382
01111011101001110000010101001 0.004403
11100010100010010000111110010 0.004275
01010010010101000010100001011 0.004590
00100001000000101010101000000 0.004275
01100111100101001010000010001 0.004350

TAMANHO: 30
100011111001111110110100110001 0.006120
110000001011101110010000110110 0.006238
101101110101111101111110011001 0.006171
000110000101110111111110001001 0.006411
110100000000101010100011001110 0.006115
001001011011100010111011010110 0.006180
101001111000111101011001011110 0.006216
010100110010001010100010101110 0.006159
000110111100110011111010110000 0.006564
010101010101011011011110110100 0.006246
110101011100101101100000110101 0.006280
101001000101111110111001101010 0.006255
010100011000100111001010100111 0.006131
110110111111001111101011011010 0.006472
111101100010110011001110011011 0.006218
100000010000111001001110110001 0.006146
110110101010011110001011010111 0.006182
111110010001011000000110001011 0.006277
110000110101110000000100010100 0.006480
001011000111001001000111110111 0.006219

TAMANHO: 31
1110101110011010110101101100010 0.009872
0101100011111001111101011001000 0.009747
1110110111110011000010000100101 0.009538
1011111000100110000010100010111 0.009325
1111111010111010101011001000001 0.009628
1011101101010011110111001001101 0.009510
0111011001100110100101001110110 0.009261
0011100100111111111111011010111 0.009070
1010001011011101010000000001011 0.009558
1111000000000011001001000000100 0.009103
1000001110011010100101010101001 0.009245
0001101101101000111010001000111 0.009476
1011011101010000110000011010111 0.009131
0101011110111010100010101100111 0.009294
1010010111100010010010101000111 0.009205
1010110010101101101010110101111 0.009474
0101111011010001010010000110111 0.009142
1011100000111110000101000100000 0.009238
0110001101010111101111110011000 0.009551
1100001110101000001101001011000 0.009158

TAMANHO: 32
00101111000111001101110110011110 0.012743
10011000101000110010110001000011 0.013784
10111101001101100101001011010110 0.013522
00100000111011100100001011101011 0.013446
00000111100110001110101110110100 0.013351
00101101001010001111100100011011 0.013171
01101010001110010001111010101111 0.013280
10111101110100101111011101100110 0.013231
11101110010111000011010100001110 0.013491
01101000110001000001111001011100 0.013198
11101011110011001010001101011101 0.013372
11110000100010010111010010110000 0.013361
10110100000000010010000000001100 0.013297
10010010100100111001100100110000 0.013502
10000101100001111100001111011010 0.013449
11011101110001010000111010111101 0.013423
01010100011111110011011110010001 0.013738
00001110110010011110101101010111 0.013229
01110111101101001100001001100010 0.013625
11000000011001010011011111111101 0.013295

TAMANHO: 33
110101100001110000000010010111101 0.020466
010101101000000110110100010110011 0.019641
111101000101111100010000110011001 0.019608
000001101101000100111101000110101 0.018991
010111010011100001101110111100010 0.019151
000011110001010001100011001000110 0.018983
000000010010100111110101000010110 0.018892
010100101001101111000101101110001 0.019251
001101011000100111001100100101000 0.019103
001011110010110000001000110000111 0.019292
010100111000110000001100101101011 0.018979
101001100100000101110111111111010 0.018751
110010110001111000101101010001011 0.019366
001010100110000011100111010100011 0.018746
011001111110110000010001110101001 0.019402
000101001100011101101111100110111 0.018916
010010000010110001100000000011001 0.019199
011010010010001111011100110100011 0.018973
011111110100100000010101001011101 0.019065
000111101101001110011100011100001 0.019681

TAMANHO: 34
1111001100100011011111000110000110 0.027622
0000100011001000011011000010011010 0.028271
0110001100000101100111100000110000 0.028440
1100000000100000101001101010101101 0.028334
1101011101111110111010111001010010 0.029215
1000100001010010010000100101010110 0.028413
0010101111000011100010011010111111 0.028377
1001010011110011101110100100011110 0.029149
1001100111010110110010100010001000 0.028659
0010110011000011110000011110111011 0.028400
1000000010011101001000001101111010 0.028472
1110011111010010101110111110011100 0.028403
0101001011100110101011110001000000 0.028545
1011001101001101001001110001011010 0.028596
1001001011110101110000011101111000 0.028902
0000111111101001010110100100000100 0.028659
1000101000000101110001111011010110 0.028162
0101001101111011110101110001001010 0.029115
1100001001001100001011110110011010 0.028094
0011101001000100100110111101000110 0.028526

TAMANHO: 35
01100101000000011111101110101100111 0.044285
10000010010011110100001100101101111 0.043880
01000101000101101100010110000111100 0.042539
00000011101111110000100000110000011 0.043083
01000100011100001011011111010011110 0.041884
10010100010000100100011110001100001 0.044163
00101110011010101101010101100110110 0.042378
00101110100011110110001100100011111 0.043417
10011010111001000000011111110000101 0.042082
01111101000000001010110100011010100 0.041862
11101110010010010100000100101011101 0.042174
00100001110110011010001001000101011 0.042845
10111111001100110000010101101000011 0.042809
00001011101110110110111100111110000 0.042823
01101101111000010111010011100011101 0.045604
10111110001101110101111111101101100 0.042421
11110100001001101010101100110110001 0.042368
11101100001111000010110001100000010 0.042459
00000111010000110111011111111101011 0.041683
11000100000011001011100100011101110 0.042082

TAMANHO: 36
001101001110000000011100001101011100 0.056847
101001101111100101001101000100110010 0.061121
100100110111000000010010001101011010 0.059513
011001011110001000111001111000110111 0.058983
100101010110101110111000100001110001 0.061025
010000111101101001111101011010110111 0.059254
101000111011010100000100011001010110 0.060857
101011101111100110101100100111000001 0.061385
100001110000010001111000011100000101 0.059808
011010101110111111000100101001100111 0.072021
011110010010010010110101001010001100 0.065984
111001000101000110010001001010010000 0.059452
111101111001111011110011010111110111 0.059518
110111100001101101011100000011111001 0.060561
011110011001010100001101001111101011 0.059444
011101101010110000001001111011101100 0.059721
011100000010110011010110000001001100 0.060123
101000001011011100101000001110010001 0.059775
011000001101001101011010011101000001 0.060173
001001011001010000100110001001101110 0.059058

TAMANHO: 37
1010100111011000110001001101111100110 0.095041
0100001001010101011011110010001101100 0.092962
0010101011110001011001101100110000111 0.089937
1111001011111111010001100111010111010 0.090245
0100000011110110010001100001111100000 0.090666
0110001011011100010000000111101101110 0.091176
0011010100101101011110011101010000100 0.090927
0001001111110000010011011011000000010 0.104466
0011001101100001100010111010110010110 0.088790
1000110000100010011110010011101011010 0.088565
0100011110111000011110011011101111110 0.088835
0001011100000101010110110100101111000 0.088944
1111001110001100101110011001000000110 0.089664
1001011001001100111000000101100000000 0.088699
1000110010110101101110001011011001001 0.089883
1101010100111100010001101010010100011 0.090206
0001100111101100101001010101111001100 0.090877
1101101000000001110011011010101010011 0.089659
1000010010111010110100001100100111001 0.091484
1100110111010101110111011100100101110 0.090859

TAMANHO: 38
00101001100001111011111000010010001010 0.126825
10111001000011001010010101111001100010 0.129357
00111000100001000010111100111010000011 0.128935
10001010101100000001010111101110001010 0.127615
00000011001110111000111010110100100000 0.130588
11101011011001100001010011001111111101 0.128566
10011001011111101000101000000000011101 0.129892
10010011010110100010101111010001100101 0.128542
10111000010001011111010101011111110010 0.127948
01000011000111011010100111110000000111 0.129493
10010100100100111011100001111101000101 0.128895
00010011010111111101000110111000111001 0.129736
11100100111010001001010101100100001001 0.127683
00110111001011001101000101010000111010 0.134135
10111110001001101001010111000001111000 0.128300
00100011001111000001010100010111100001 0.128183
01111001011101100110101001101111110100 0.130074
10000110110111010111100111011111111101 0.128099
10001011101001101011010101111111010000 0.129610
11110010010111101011001000000011011100 0.130660

TAMANHO: 39
101011001101000011010111110001011111101 0.196895
000010110000110100001101010101101010011 0.193227
010001000010001010111000100100001100111 0.187778
110001011111100000001010001001101011111 0.187333
010011100101101011101000100001101111001 0.192045
000110101000110111101000100101100001011 0.192685
110000011001000110111011010101011001000 0.189146
111011011000110000110010101101100011001 0.188846
110101101100100111011101111101110110111 0.186868
010010000101000100010110101001111000111 0.185942
001100101110010100001011100000001110010 0.187611
101100111001010010001110011011010110111 0.186020
101011011001011101010011101100110100110 0.191019
011101101000001111111100011000010101011 0.193121
110011010111110111101101010000000010011 0.193596
110011110011000001000100111101111011011 0.186209
010101100000101010011001100001000101010 0.187695
001100100000111111001011000001010111111 0.189392
111100011110011111101100001010110011010 0.192530
010001100010010111100001110111111001001 0.189574

TAMANHO: 40
1111011000010001010111111100100101100001 0.265809
0100101110011101010001000101000100000101 0.274778
0110000100100111111101001111111111010111 0.272437
0000100100100101110001001011111100011100 0.273615
1101001100111111011001011101011110001001 0.277483
1111111111100110110100000101011101110010 0.280234
0001001101111111010011001001110001011100 0.279672
0001011101110010001001011011000000000110 0.275911
0011011000111000101111100110011101011110 0.273131
1011111001010100001110101100001100001011 0.286964
0111011001110001000110110101010100001001 0.288614
0110001011010110001100101110110101101100 0.279277
1010111101011011001010000010001000011111 0.288202
0001001101000010110111110010000111001010 0.290413
0111001101001010101101011101010110110011 0.289949
0110100110101000101100111011010000000010 0.291438
1110010010000100101001111110011110101000 0.285882
0001000110100100111110100100011011100110 0.292519
0011110110101111001000100010100010100100 0.276834
0010101010100111001111010001000101101110 0.278419

TAMANHO: 41
10110101110000010101011100011110011011100 0.423704
01010000000110010111000000111100001000000 0.433711
00011000001010111111101110101010110011111 0.417221
01011101010000111111101010010011101001110 0.431756
11001100101111110101100110101000111011001 0.427870
10110110100001011011010111110001000010111 0.435729
01001001110110100111111001010000000110100 0.443250
00010011001101101100011000111010111101100 0.419790
01011000110011110101101001001111100011100 0.429940
01001011000111000110000100100010000100100 0.418584
10110110010001011011111000110000100110111 0.435717
11011001010111010010000110100111110011001 0.416576
11000101000011100111110001100110010000010 0.420660
10110011100011011000000010010010110111010 0.420719
00111110011111000001101100010110011011101 0.415620
00101111011101101010110111100001001001010 0.438898
11000110000001000110111000001001110001001 0.468175
00110000011100111111001100110000011111000 0.497234
01000010100100111010110000110110101111001 0.420809
01000101001111111011101000010110110001011 0.452293

TAMANHO: 42
011110000000000001110111001011100101010101 0.608374
010000010101001011000010110000100100110100 0.589056
110011111000010000000111110011001111011100 0.598323
101000101110001111001010010101100111101111 0.591379
101010111011001110000101000010110010011011 0.582184
100011000110110100010110100111111000111011 0.568070
111011101000111010010011100111001000111111 0.588677
111101010011000100100100000101001100011010 0.587472
010001101101100110010000100010101101000000 0.590836
110110111110010111111010101101000001011100 0.609547
100000100100100001101011001101101110000111 0.583914
001011000000000100111111110000010011000101 0.577031
011000110000000011100101001101001000100111 0.584533
101010110010010010110111000000110101110100 0.580901
001100010000100001011010110110111010011111 0.584352
011001010111011011111000011001001001000010 0.582750
101011110101001000101010100110111111100001 0.576554
101001000100001101001000100110011100101000 0.598248
011100000011101000010000001110000111011110 0.576672
011010000110011111100111000101110110101110 0.592934

TAMANHO: 43
0000001100011111000100001101011100111001111 0.881874
0100100110000000100110010100010101111011100 0.893155
0001010000100000110100000011000010011100101 0.872901
1101000011011010001011011000001001001110011 0.903975
1011111100011000001001101010110110110100101 0.882053
0100001000101100101111010000101011100000010 0.896556
0000100000001010000101111000111101101010110 0.878151
0111010011111100000110110010010001100011100 0.906706
0111010000101011101110010001100011000111011 0.899756
1010001001110111000100110001000000010000110 0.884238
1111101100111101101010001101011101100011100 0.895174
0000011111010000101011001110100010111100111 0.877609
1101111010110100010100001000100000110100101 0.881686
1100101000010110110001100000011001011100111 0.895405
1101110010001111010110001111001101010100000 0.916416
1001100111101000011000100111011100000110111 0.898135
0001000001010001010010011100101000101110110 0.884640
1000010000010101100101011111011110100111000 0.883738
0010001101011111111101000010001011001001111 0.925243
1011111010011110010101111111110001001100010 0.908771

TAMANHO: 44
01111110110001101111100001010001101010100010 1.237939
11101100101000010101111100111011100010000000 1.207178
01101100101011110011000011001011010011010110 1.229160
10000001010100101110111110101001001010011000 1.250207
10110001101100010101011100110010100011100001 1.201314
11001001011000100011101111001101010101001010 1.181680
10011000010101101000100101010010001111001110 1.237148
11100000001110010110110111001111100010001000 1.244486
11000011101001110001011010101110011101000001 1.245828
01111010000000011010011111101000010000010011 1.219454
10110010101110100100011001011000100100110011 1.195981
11111100110101010110101000100101001101111110 1.214119
00111010011110010011010011011010011000100111 1.209511
11100101000001000010100001110001000000110001 1.197043
11010111110111000001100101011010011101000010 1.206867
11001010001010110110100110011101001011110010 1.186802
10010101000001111111111100110001101010000001 1.202721
11110011010000100010101100010011100100010111 1.183260
11101101001001111001100001011001110001110000 1.200655
10010011110001001001111101000010110000001100 1.188054

TAMANHO: 45
001101010001001001100001011110001110101000001 1.811280
010000001011101111001001010111001100101110011 1.833335
000111100011011001100001011001011000100111110 1.818017
101011001000001101110110111000001000100001011 1.847724
001100000100011010110100100000110101110101001 1.846731
011111100010011000001101000011100111010010101 1.825144
111001011001011110111010011000011000001100101 1.871608
110010100010010101010001100010010001100101100 1.827607
111000011010111000001110100101111011011011100 1.835815
000011101011000111010001100011100110100101101 1.833468
101010011110001111010010011110000001110101010 1.834767
101010111000111100100000001111100101110010000 1.821780
101101011010000111111010010111011010110111111 1.800451
011110100000001111011001100011110101000111100 1.845930
101100101101110100010010100011001011101010000 1.838878
001101001000010001111101000000100101011100011 1.839587
100110110110101000000111010100010110001000010 1.830032
000110001111010100011110001111010101111110001 1.821715
100110000011000010110111001011000101010111000 1.841441
010011000000110101000110000101011101001100010 1.823133

TAMANHO: 46
1000010001001011100011000100011110011011101010 2.508029
1100110111111011100101111101001001101001000011 2.615436
0100111101101001010111010001001100110100001110 2.573819
0111001110010100100111011011100111110000100101 2.523052
0100000111011101110111110110001110011110001001 2.536997
1010100100110010001011111100100011110110001001 2.515634
1001110111110111000001011011001000100010000011 2.615986
1101000010101001010100100011011010100111100001 2.518644
1000001111001000110100111100001101001000010010 2.506611
0110111101110100000100101011011010111101101101 2.488793
0100000101000000101110101000010111000001000011 2.514285
0110011111111011101110011100000100110010110011 2.575775
1100100101000100000001111011100011111011010111 2.562605
0000010010000110111010110100000110000100000100 2.548518
1011100001110011110111001010111010111111010101 2.651548
1000000010010001000101110100001100001000101000 2.505122
1010010000010110001111111001101110010111100110 2.516955
1100110100001110100100000000110010000000000010 2.491992
0110000001010000010000001100000011111101000000 2.488666
1010000111010000010011100110111111000011101110 2.508250

TAMANHO: 47
01000011011011101110111000100101111110001110001 3.923407
01001000010001111011111111010100000011011011010 3.957946
01010001111111011001110010101010010010010100101 4.045575
01010010000101010011100101100001010100000110110 4.077999
01010010010110100001111101111001011110001100001 3.984838
01011111100110010000000111010110000110001011101 3.955322
11000111000100010101111011110111110010010010101 3.964684
00100011101100100101000111010011100100011100110 3.880688
01110101100111111111110101111111010101011010001 3.926139
10001100011101010001111101011010001000011111011 3.993574
01010101101001011011100001000101001011100100100 4.024667
01011100110000101000111001011111001010110011010 4.043983
11101000010111000000111110011111110111010111101 3.989975
11110001011101101011101001001100010110110011010 3.973379
00001110011101100001110010001100000011111110011 3.913250
01101011011110111010011111000101000101101011010 3.944757
01101010100000001011011001001000101001110101000 3.896343
00111101001000000110111001011101101010110001111 3.863936
01001000000101101110000100011001000001111100101 3.882986
00011111111011111110101000101011011011101111100 3.880509

TAMANHO: 48
000111100001110111010100111110010110010100100010 5.360329
110110010010001000101010001101100011110011011000 5.314573
001100010111110011010011111011111101101001000110 5.324467
001110001001110100011001000010001010000000011011 5.406358
010011110110010100011010100000000001101110100111 5.302203
011001100011000010011101100000111101110011010010 5.322941
111111100101101110110010001101001011110110011100 5.538468
100010000000100101001111111111001100000000000111 5.563970
000010010100110110011000010000001010110001110001 5.394557
011100111110011011111101001011000001110100001101 5.666768
111001110000011111101001001100100001100001000101 5.377688
111110111011110000100110100111101000110000100010 5.380775
001001011101101100100010100010111110111000001010 5.316136
000010000100010101101011111011010100111010110001 5.506625
110011010000100011100110101100010111010010000011 5.338743
010111101100110101101010110101111010010000001000 5.312401
010111111101001000110110101111111011110100111010 5.248503
011010110011101000111100111101000111111110111100 5.278102
110110101011000111000011110101000110011001000101 5.321259
000001100101011001000110001011100110110001110100 5.273883

TAMANHO: 49
1000010110100010010001011111101001000110010110010 7.872589
0000010110011101101101010110010110100001111100111 7.983942
1101010101011100000001101111100010101111100000011 8.072039
1011101001100100010010101010010101011001111010000 8.053242
0111010100000100110101010100011111101000101100111 7.930768
1100001000100001100100010011111100101110111001010 7.782692
0000101000100100011111111010011000111011001010011 7.984215
1101111011101100111110011110000101100001010010101 8.339469
1000000110000010110010010000011011100100111000101 7.789142
1010101100010001010110110100010000010011010110010 7.845602
0100001000001101011000010111011110001011110100101 7.763028
1111101001110100110100110010000111100010010110011 7.930428
0000110111101111011000010010111110110101110001011 7.759653
1010011100101110001001101100010010001101111001011 7.831805
0111001010101100101100000001101110001111111101101 8.057680
0100111001101100011101011111111101101101110100110 8.045899
0101110001110010011011000000101011000000110001101 7.927956
0000000111100110110000000111001011100110111100010 7.789699
1101011000100011110110100010001000000011011001011 7.870832
0001011011000100100100100001010011010001000001110 7.800415

TAMANHO: 50
10001100110001011111010101100000100111111001011010 10.970148
10100101111110010010000001011101001010100100011100 10.813093
10110011100010000011001101000011111010011001010101 10.830331
10011000100010001010111010100001111011111100010010 10.931487
01101101111100010011000000000011110100101011001010 10.839831
11101011101101001110101100100100000000100100110010 10.906701
01011001000101001010001110000001011001101110000000 10.878465
11010001000010001010111101001100011010110110101000 11.143215
10111101111111100110111000000100011110001001111110 11.089969
10000010100110110101010001110000001110001010100100 11.141843
11001011011110110000100111111111110110110100010100 11.078048
00100001010100111100000110000111101010110000001011 10.969577
11000001010010001001001100010101010111110011110100 10.789115
01001111001001101111010110001111011000100101110001 11.256070
10110100000001101110000011001100010101011101000111 10.893104
10110110101101100101111010010110111110000001011111 10.937037
01110010101011111010010000111000100100110110011111 11.300120
11010000010110101011011010101000010100101000100111 11.767946
10110010100110001111010101011010110111011101100001 11.140594
01111010000011101011001111000001101010111010100101 11.159962

TAMANHO: 51
111010001111011011000100111001110011100000110001111 17.304467
110110111001111010111000001010110001101100010011010 16.997140
100100101100110101010101011111100101000001001110001 17.070612
110111010001011111100010000011001010111110001010101 17.109488
110110111110111110000010100011111010100011111010000 17.576377
010101010000101001101101100110011111101111111111101 17.208126
100011101101011101011010010101111111100101011100010 17.560677
011000110001101011011101101100100011111100001101100 17.040908
011010001010110100110111001100000100101110100010100 16.774640
001101000111011001001010011010101000110001101111011 16.559732
101101111011011011110000011011111001000011000110010 16.707402
001101111000110100101100110110101111001010001010110 17.110660
110000110110001101111011010010000010001011001000000 16.977521
011101111011100011011001011001010100100101111100101 16.891969
001011110001100101110111111010001110100000101110001 17.115933
001010010111001101010101000100111000010001000000100 16.681808
000110000100101010100110011110100110011000001100100 16.794608
001110010001111111101100110001111000100011011000110 17.051122
100101001010011001010011000000101001101101011001000 17.041187
100000001101110101110011111011101101010001011010011 17.075999

TAMANHO: 52
1001001100000000001010000010110000011010110111110101 22.355727
1000101011110001011011000000100101011010011000110110 23.523263
0001010111010110011100001011100101101001110001011011 22.391945
0010101101001101000101000010001111110011110000010000 22.057962
1001101011100000000111001101110111111010110010011100 21.977075
1110011110000000001111010100111101011010001011101101 22.062585
0010110101010011110101111110000011000111111010100010 22.791817
0101111100100011001011100101001000000010110111011000 22.340796
1010001100010101011001000001110001100001001011000011 22.148363
0000001100011111010001111000010101011001010010011110 22.460116
0000100100011011000111110011011011111010010101010011 22.118120
0010001110101111101011001010011110011000011000101110 22.351564
1100101010101110010010010100000011111111001100000111 22.217584
0011111110111011000010011011111010101001110110110010 22.164689
0100011110110111001111011000001001001011010101110111 22.447697
0000001110110111010101001011011010110010011100011010 22.341985
1001101110010111000100000011110000100100100011110011 22.044612
0111000110001110001101000100111011111010110010000100 22.259638
0011101000001000011110110001100111101000000011000000 22.309833
0111011111100110111111101001111010011100001011000010 22.797743

TAMANHO: 53
11010000000011010000000100100110100110011001110001001 34.684125
10100111010000101010010110001011000011010101001001010 34.968777
11011101100010111111101000110010001111010100100110000 35.196683
10001000110011101001101100111011110001001011000010001 35.362992
01110101100011100001110101110101100001101010111100100 35.831809
11010111111100110111000110001110110110011111000000011 36.419481
11000000111001001010000110100100001011000010000110010 36.065981
00001010001011110111101000100110001011011101111010111 35.406345
11010011010010010000011001111011000011101000001101111 35.181587
01010100110000111100101101110110000001111001011100011 35.479893
10000001110101100110110111100010000001011110001001110 36.514562
00011100001001001011100011001000111100010110100110001 36.267673
01100100110101101110111001010010101100100100100110111 36.553835
10001011101101101001010001111100100000011110001110001 35.639155
01100000111110100111100010011100011110010110011010101 35.691398
10001011110011001111001000101001000011010110001110000 35.510181
01011101111111101001101011001110001000000000000110111 36.031794
01110010100000101100000111010101011001101111110001000 35.339480
10100100001111101010001001001100100100000000101000001 35.397754
10101111100000111100000111001011000010001000101110100 35.543363

TAMANHO: 54
101111110000101000100100001111101100011001000111000111 46.295337
100000001000111111100101000001001100101010110010010010 46.606189
010110000001010010100110001110001100000011010001011010 46.280376
111011100110001100101010100110000100111011001011110001 46.384212
001101110010101101000011100110111110010111001111101111 46.083892
100100011001111101101100101010000011010111001110001100 47.530773
001001101010110010100000100011011101000101000011011101 46.354225
010000110000011101111010010110010000000000100010101111 46.823519
011011111110000011001111111000001001011001000001011011 47.966592
000101101010110011000111110010010100010110010010011111 46.992830
101001011001101101000110000111101101000100101010100001 46.319210
001111110001100111010010001010100101000000101001001101 46.678872
010111101011100101011001111110100010011010110111111111 46.232764
110100100000100000110110100111000010100011100100010001 46.743004
110110001000101101111111011100000000001110010000111000 47.185836
111010111101010110100010111101010100100111100011100001 47.832043
011000100110101011111000000100111101111111011101111100 46.452398
001110100000000011000011101011111111101110110011101100 46.736877
001111110101010101001011101000001010100000000010001010 46.697210
001110111100010101110010001101110110000101111101011001 46.574013

TAMANHO: 55
1010111000111001000111111000010111001110100000100100010 73.101946
0010101110110111110100000101100010001100111010110110111 71.927419
0000001101110100010000001001000001100000011110000001010 72.480283
1111110101101000011011111101000100100111110101011011101 72.665057
1111100011110011101101000011011000010011010111001110101 73.044590
1011011110100001001101110010110010010111010111001001011 73.238496
0110011011100110111100010000111011011110100111110110001 72.976975
1010101010110101111011111100010110010111011110011100110 73.081532
0010000111000110001101111100100000011001000101111011010 74.438562
0010100110111111110111111011011111000000100101101010101 74.062576
1101011110111010001010001110000011010011010000000101111 73.339920
1111100101100111010010110100001000011110111000010100000 72.874354
0101000111011011000110011011101000111011101110110100010 73.119542
1001011110110000100001010001010111001110101000111100001 72.635981
0001101011011111111110110001101011010000100000011100000 73.146144
0100000011101010100100100010001110111001100100010101100 72.428002
1110000000110000000100100011110011100010001110110000010 72.801603
0011000111110011000011100101100010101010011111111111111 72.238432
1000110000011110010000001011000111101101111110010011011 72.047216
1101001001000110110010111110010000110111000010011011010 73.510728

TAMANHO: 56
01101101100100100011001111011001000010001111100101101010 102.162152
00100000000011001110001101101001001001100010000100101110 101.644615
11101111100101010000011011100001000111111110010000101000 102.817077
10100000000111000011110100110100110001110110010101001101 104.988728
01100100100110110101101101100111110011001000000010111011 103.943309
00110010010100100110011000111011011011000100100000110001 102.320759
01100101010111110001110110110101011100001111110011111001 105.186253
10000111100101001100011011100001000011110001101100000100 105.182352
01100110000010101111000011100101111101011010101100110011 102.775535
10001101110000011100111001011001110111101101011101011111 101.632517
00011011111100111101001000010001000111000001011011011110 102.770706
00100110000001000001010101111110000100101100000101100011 103.088074
10110100000011101111010100111111011001111000001100011001 105.323306
10000010010110001001101101011111000100010011111000100100 104.245833
01100011001001111010110000101001000010001111101110110101 103.163541
00010000101000101000111110110110100100111000100100100001 104.247527
00111011001000001111001000101011110011101001011011011000 100.531648
10001001001001000000011001010101110001000111100111010000 99.437693
11011110110111000110011001101110101101001011111101000000 102.819139
11001010100110100010001000100000100101110010101000110010 101.895026

TAMANHO: 57
000001000100111101100101010101001100011001000011100111000 159.260948
010000101001000111111001101100111011110010100111010101000 157.747239
011110000100000001111011100100101111111100101111100111111 156.046710
011111101100101001101111001101001101110100011101010111001 153.433285
011001110110010101100111010000000001100001101011001000101 153.532168
111011001101011110001100010001101110100010000001101101010 153.270361
010010110111000000111111101111011110111111111100000001110 152.633446
111011111110011111111001001011011001010101100111111111110 152.450263
010011010101011000101111100011101000010000011010101100110 152.179423
110110101101101010011001001011101110000111011000001001101 151.592697
011101011011001111010110011001110000100110001110010110001 153.196498
111100001111010010111110111100001111111100011111110001001 151.256384
100111000100011010011111100001000011111000100111001001101 152.124494
110000010011110011101111010001111111111101111001010100110 150.398336
010011001000010110110001011001100100111101001111100000101 151.315335
000101110100111011001110110001010101111100100010000110111 152.459695
000111100001100100001011001011111010101110110101000001001 150.677920
001111010100011100001001011000000100010000101100000011110 151.329827
101110010100110110101101111101111000110001111000011010110 153.029409
110100011000010000011101110000110111111111001110111001011 149.889133