TAMANHO: 10
0111111100 0.000004
0111011100 0.000003
1100100101 0.000001
1111011100 0.000003
1100111111 0.000001
1011010001 0.000002
1110010101 0.000002
0100001110 0.000002
1101110100 0.000002
1110000000 0.000001
1000111111 0.000001
0110010011 0.000001
0101101000 0.000002
1010111111 0.000001
1101100000 0.000002
1001011010 0.000002
0111100011 0.000001
1001100011 0.000001
0000111100 0.000002
0010000000 0.000001

TAMANHO: 11
10110100110 0.000003
01000110011 0.000001
01001001001 0.000001
00011000110 0.000002
01110101011 0.000003
01010111010 0.000003
10011101110 0.000002
01101100100 0.000002
01110010000 0.000002
10011110101 0.000002
01000011110 0.000002
11101000011 0.000001
00000000110 0.000001
11100110010 0.000002
00001101110 0.000002
10110101001 0.000001
10001100000 0.000001
11010010001 0.000001
10111010011 0.000001
10001101011 0.000001

TAMANHO: 12
101111001110 0.000006
100101000111 0.000002
010010011101 0.000003
110100010010 0.000004
001111000110 0.000007
010100011111 0.000001
010001111011 0.000002
100100101110 0.000006
001110000001 0.000002
000110011111 0.000001
011010000111 0.000002
101111000110 0.000007
110110000011 0.000002
001000011001 0.000002
111111000001 0.000005
000010011101 0.000002
110110111101 0.000003
000011011100 0.000007
000110110111 0.000001
100100010011 0.000002

TAMANHO: 13
1001111111110 0.000002
1010001111101 0.000004
1010111111100 0.000005
1000110101100 0.000008
0001110010100 0.000006
0010111010010 0.000006
0001001001101 0.000002
0100010110000 0.000004
0001110101010 0.000007
0010000101100 0.000004
0101001000001 0.000001
0000000000110 0.000001
1101111001011 0.000003
0001111011100 0.000006
1011101101101 0.000003
0101101010100 0.000007
0100101000000 0.000002
0000010010011 0.000001
1001010101101 0.000003
0010001001001 0.000002

TAMANHO: 14
11101111110001 0.000007
11000101111100 0.000011
10010001001111 0.000001
00111001110110 0.000008
01001001001011 0.000002
00000001101101 0.000004
01111000011010 0.000006
11001010010001 0.000003
01000001001000 0.000002
00101000011000 0.000003
10101011111111 0.000001
00100100101011 0.000002
01101111101110 0.000005
10010010111001 0.000006
11110000010001 0.000002
01011111000110 0.000010
11010000011011 0.000002
10001001110011 0.000005
01010100101100 0.000010
00011100001101 0.000004

TAMANHO: 15
011101000010110 0.000014
111111000100100 0.000015
111100101110000 0.000024
001111101110010 0.000023
001101110011100 0.000024
001000011011101 0.000009
101001110010010 0.000015
101000111111110 0.000007
010101101010011 0.000007
000011010100110 0.000015
111000010001110 0.000011
010000000001101 0.000002
100110100000000 0.000003
011110110000000 0.000008
101101101010010 0.000018
111010011100010 0.000017
101101111111011 0.000003
100100000110110 0.000011
101111111011010 0.000015
110011100101110 0.000016

TAMANHO: 16
0000000010100010 0.000003
1111000111110100 0.000028
1000000010100110 0.000007
0011101100000101 0.000004
1101110111010000 0.000013
0110101011011101 0.000010
0111000110101001 0.000009
1000011101000101 0.000005
0111110011111110 0.000008
1011111110101110 0.000012
0100001010001111 0.000002
1001111000110001 0.000005
0011111110110001 0.000015
0100011010011110 0.000009
1111111011010011 0.000006
1101000000101111 0.000001
1010101110100100 0.000011
1101000111101001 0.000011
0010010010100011 0.000002
1010001000011101 0.000006

TAMANHO: 17
01101101110101010 0.000026
10110101111010100 0.000027
11000011100011111 0.000002
11110111001011101 0.000012
00100110001010011 0.000003
00000011001000101 0.000004
11101110011010001 0.000009
00000010110100001 0.000006
11000000110000001 0.000002
11110000101111110 0.000013
11001101001111011 0.000006
11001101111101011 0.000007
00001000110110011 0.000006
10100110111000011 0.000007
10110111011111100 0.000021
11000001101101000 0.000017
01111000011000001 0.000003
01110110000001101 0.000007
00110100101000010 0.000006
10000001110010100 0.000014

TAMANHO: 18
000100001000000110 0.000013
000110111111110011 0.000028
101000100110000101 0.000021
001111011100101001 0.000095
111010000101011110 0.000103
001111000111000101 0.000067
110010110001101111 0.000009
000011100000001010 0.000020
010000001110010111 0.000009
000000011111111110 0.000051
010100101110101011 0.000039
110110010101110010 0.000133
000101111000001101 0.000048
100111101111001000 0.000171
011011010011011110 0.000085
100010000001011101 0.000025
100000000000010100 0.000003
111100100000011001 0.000019
010111010001101110 0.000103
111010100101101101 0.000059

TAMANHO: 19
1110110001101001100 0.000303
0011110011010000011 0.000071
0001100000100101000 0.000049
0100011011010110111 0.000044
1000001100000111000 0.000101
0011000011011010001 0.000122
0111001110010001111 0.000026
0011001101001011000 0.000258
0011100100100110101 0.000118
0111011010010111000 0.000368
1010100010000100110 0.000070
1010110100110100110 0.000255
1011010011100111011 0.000084
0101001001100100011 0.000033
0101100010101000010 0.000156
0111000100001000010 0.000018
1001111000110010101 0.000132
0001111001010100110 0.000226
1100101110011100110 0.000242
0010111001000110011 0.000064

TAMANHO: 20
01101000010000011011 0.000020
01100101111011110110 0.000178
00000100010101111000 0.000374
01001100110011011001 0.000218
10000011011101110011 0.000122
01011011000100111101 0.000152
01011101100110100010 0.000316
00101010010110000000 0.000066
10011001101001110100 0.000436
01111011011000110000 0.000334
11011000000000001110 0.000037
00100010111010010101 0.000166
01101101110100100011 0.000118
01011011000111001001 0.000184
11010001100101011001 0.000187
01011101111111000011 0.000140
00100110100110001010 0.000192
10001010110101011011 0.000094
00010011100000110100 0.000192
01111010101100011110 0.000306

TAMANHO: 21
101101110101101111101 0.000083
001100000010011001101 0.000091
001011111010110010011 0.000146
000101110111110000110 0.000375
001111011100111011111 0.000016
110011110010010100110 0.000285
010111111001010001000 0.000279
101011000011000110111 0.000033
010011011011111000010 0.000422
001110101111001000000 0.000197
011100000101111010010 0.000449
000101110001011011101 0.000167
001111111111011101100 0.000223
011010000001100010111 0.000015
011101000101010110100 0.000405
011010000110011001010 0.000229
101100010000001100001 0.000017
001111011100000011001 0.000121
110000000011110001000 0.000150
011100010110000101010 0.000156

TAMANHO: 22
0010001001101110110011 0.000752
1100010010011101001010 0.001779
1111101010001100001101 0.000801
0001001011000101101011 0.000460
1101011100111010010111 0.000364
1001000011100110100110 0.001843
0111110100000100100101 0.000417
0110000001011001001100 0.001177
0110001100110001011101 0.000883
1011011100010001010110 0.001538
1000000010000001110010 0.000273
0001111010000001101101 0.000690
0111111101100110100001 0.001706
1011111011001110101011 0.000552
0010010011100010100000 0.000692
1100011001010011010111 0.000266
1011000000000011010101 0.000192
0101110000110000111010 0.001664
0001011110100111001111 0.000215
0001101000101100010010 0.000857

TAMANHO: 23
01010000000110000100110 0.000673
01000100111001011110011 0.001486
10110101110100000100001 0.000606
01111011000100101000111 0.000459
00111001100000010110101 0.001203
00010001100111101011111 0.000181
01010101011001100100100 0.003153
01110110000111001111010 0.004112
01110011011110011110110 0.002038
00000100101100110000010 0.000868
11001100010100010100001 0.000633
00100000110011001100011 0.000604
11011101110000010010001 0.001032
11011001011111110000011 0.001710
01010001110010001000111 0.000207
10111000001110101010110 0.003893
00000101011001001000010 0.000668
10000100101001011010001 0.001363
01011101110101001101001 0.002845
11111000101011000111001 0.002604

TAMANHO: 24
100001000001010000100001 0.000035
010101111110010011110011 0.000990
111110010101110000011000 0.002002
001001100100000100100101 0.000199
111100101001001111010101 0.001526
001110110110000111111001 0.001733
010111000110100100101111 0.000176
011100010100100101111110 0.001821
110000110011100010101001 0.001028
110111001011011010101011 0.000873
100011001101010000111010 0.002370
110111110100101001111010 0.002725
010101111110101100110010 0.003092
010100100110111101001001 0.001918
110101011100010111010110 0.002542
100010101001001110100101 0.001080
101110001010010010101011 0.000448
001011000111111001011011 0.000710
110011011100101101001000 0.002353
010010000000011000010001 0.000030

TAMANHO: 25
1000111100010110010000110 0.004807
0000110011110011000101011 0.002318
1010001110011110000101100 0.009948
0100110100001100010001110 0.004218
1110100000010011001000100 0.001389
0010111000100000010101000 0.001382
0001010011100111110110001 0.007185
1011010100100010110000000 0.001354
1101000111010011000010000 0.003057
1000011011011000110111000 0.012715
0100101110000101110011111 0.000458
0010001010110101001000110 0.005476
1001010110010001100110001 0.003788
0001010101101011000110000 0.007333
1011110110011010111000000 0.009800
0000100101011010101011100 0.011481
1011111000000010000001001 0.000127
0000110101000100100101111 0.000216
0011101111001101010001100 0.011567
1100011111100010000001101 0.001904

TAMANHO: 26
11100001100101101010000001 0.002455
00000111111101111000000100 0.013314
00000101111010000101000011 0.001643
01011100011100000001001100 0.002808
00000011011101010101010000 0.011750
00011111011011111101011010 0.003986
10010111001100011110101001 0.007293
11011001001001011100101100 0.011377
01101101110100100101000110 0.007722
01011110100110011100000111 0.001694
11110110101010101000110011 0.002905
01011000101111100100100100 0.010809
01100010011100101001110010 0.010230
01001001010110001101001110 0.008546
11111001111100010101010011 0.003582
01001010101110110000110011 0.003103
00100001111110010001001000 0.007314
00101100111000111111101000 0.013198
01001100010011000110000111 0.000668
01110111010110001001111001 0.006629

TAMANHO: 27
110011000101101000111010010 0.054640
111010011101000101100100101 0.025112
001110001011011001100101111 0.004564
100110100000010111110000001 0.022814
001101110110001010011011110 0.042630
011010111000010000010011110 0.029975
011010000011010000111111000 0.073423
011100001111011000100101101 0.025321
010101101110111101111000101 0.024590
110000000101000101101110110 0.049081
001000000011110110101010000 0.051861
100100101101000010110000010 0.013336
100110000000100000011001010 0.004464
000100010010010011101001100 0.047434
100001110110011010101011111 0.002386
001101000101110011111011100 0.048073
010010101000011001000010000 0.005292
000011010101001011000001101 0.012221
101001111111001110011111000 0.052612
110001010100110110000110001 0.021365

TAMANHO: 28
0110000000101001111101001111 0.004422
1000100011110010110001000011 0.008966
1100111110101101101100000010 0.053763
0101010011010100101100001110 0.039553
0100000101111100101000111001 0.032413
1100010001000011010100111011 0.008608
0011011101110101011101110111 0.003401
0100010010111010101111101100 0.059256
0100011110100001101011111110 0.024219
0010111010011110001110110011 0.019238
1000001111110011101110111100 0.029107
0111011011110001100010001110 0.047119
1101000011001001000100000100 0.002382
0011111111101110000011100110 0.050485
1001001110101010111001100110 0.055296
1010111011101110100001011110 0.042628
0110011001011100000101101110 0.047107
1001101011111101111000011000 0.081694
0110101110110110001010010011 0.017900
1101111110000101110100011110 0.045395

TAMANHO: 29
00100101100101101000011100011 0.021551
00110001111110000011101101000 0.117374
10011110110101110011110111000 0.087419
01000001110100010010000010110 0.017443
11100001011101000011010100111 0.010038
01011101111000101100110101100 0.111807
00110000001101011010100011001 0.035565
10001000111110001010010000001 0.011159
00000110010101010011000101110 0.066055
10111000100100111101010100111 0.015558
01011000000001111110010001101 0.034265
10011000101110100010101010101 0.035963
00000001000001001110000000001 0.000992
00100000100001010000011001010 0.010112
01111010001011101101000010111 0.011054
01111011101001110000010101001 0.036567
11100010100010010000111110010 0.072308
01010010010101000010100001011 0.002762
00100001000000101010101000000 0.006504
01100111100101001010000010001 0.011338

TAMANHO: 30
100011111001111110110100110001 0.172476
110000001011101110010000110110 0.186221
101101110101111101111110011001 0.054282
000110000101110111111110001001 0.158541
110100000000101010100011001110 0.113574
001001011011100010111011010110 0.211959
101001111000111101011001011110 0.154538
010100110010001010100010101110 0.158279
000110111100110011111010110000 0.357913
010101010101011011011110110100 0.253789
110101011100101101100000110101 0.115478
101001000101111110111001101010 0.224797
010100011000100111001010100111 0.029986
110110111111001111101011011010 0.098752
111101100010110011001110011011 0.066022
100000010000111001001110110001 0.111334
110110101010011110001011010111 0.037413
111110010001011000000110001011 0.015671
110000110101110000000100010100 0.028521
001011000111001001000111110111 0.028785

TAMANHO: 31
1110101110011010110101101100010 0.156319
0101100011111001111101011001000 0.190126
1110110111110011000010000100101 0.012875
1011111000100110000010100010111 0.003748
1111111010111010101011001000001 0.047745
1011101101010011110111001001101 0.074729
0111011001100110100101001110110 0.126519
0011100100111111111111011010111 0.007210
1010001011011101010000000001011 0.001730
1111000000000011001001000000100 0.002529
1000001110011010100101010101001 0.065941
0001101101101000111010001000111 0.011921
1011011101010000110000011010111 0.007689
0101011110111010100010101100111 0.022526
1010010111100010010010101000111 0.010456
1010110010101101101010110101111 0.012377
0101111011010001010010000110111 0.006984
1011100000111110000101000100000 0.019013
0110001101010111101111110011000 0.207273
1100001110101000001101001011000 0.104871

TAMANHO: 32
00101111000111001101110110011110 0.279246
10011000101000110010110001000011 0.035201
10111101001101100101001011010110 0.457932
00100000111011100100001011101011 0.118005
00000111100110001110101110110100 0.567772
00101101001010001111100100011011 0.106728
01101010001110010001111010101111 0.035824
10111101110100101111011101100110 0.279922
11101110010111000011010100001110 0.321952
01101000110001000001111001011100 0.456491
11101011110011001010001101011101 0.202123
11110000100010010111010010110000 0.314119
10110100000000010010000000001100 0.001204
10010010100100111001100100110000 0.303475
10000101100001111100001111011010 0.462928
11011101110001010000111010111101 0.184613
01010100011111110011011110010001 0.334863
00001110110010011110101101010111 0.069395
01110111101101001100001001100010 0.303057
11000000011001010011011111111101 0.081374

TAMANHO: 33
110101100001110000000010010111100 0.453597
110101101000000110110100010110011 0.319204
111101000101111100010000110011000 0.771813
100001101101000100111101000110100 0.754800
010111010011100001101110111100011 1.852521
000011110001010001100011001000111 0.648999
000000010010100111110101000010111 1.141914
110100101001101111000101101110000 1.182921
001101011000100111001100100101000 1.168921
101011110010110000001000110000111 0.038998
110100111000110000001100101101011 0.257750
101001100100000101110111111111011 0.623395
110010110001111000101101010001011 0.357442
101010100110000011100111010100011 0.458947
111001111110110000010001110101000 0.869632
100101001100011101101111100110111 0.182331
110010000010110001100000000011000 0.038401
111010010010001111011100110100011 0.608385
111111110100100000010101001011100 0.529652
100111101101001110011100011100000 1.095519

TAMANHO: 34
1111001100100011011111000110000111 0.406799
1000100011001000011011000010011000 0.320102
0110001100000101100111100000110000 0.201307
1100000000100000101001101010101111 0.194883
1101011101111110111010111001010000 0.668166
1000100001010010010000100101010111 0.259801
1110101111000011100010011010111111 0.012568
1001010011110011101110100100011111 0.466373
1001100111010110110010100010001000 0.180749
1110110011000011110000011110111000 0.130050
1000000010011101001000001101111000 0.572256
1110011111010010101110111110011111 0.540875
0101001011100110101011110001000000 0.247109
1011001101001101001001110001011000 0.544520
1001001011110101110000011101111000 0.806103
0000111111101001010110100100000111 0.171870
1000101000000101110001111011010111 0.533171
1101001101111011110101110001001000 0.604064
1100001001001100001011110110011000 0.638512
1011101001000100100110111101000111 0.492943

TAMANHO: 35
11100101000000011111101110101100000 0.339402
11100010010011110100001100101101111 0.110027
11000101000101101100010110000111111 1.980453
01100011101111110000100000110000000 0.171304
11000100011100001011011111010011111 1.273573
10110100010000100100011110001100000 0.416538
11101110011010101101010101100110000 1.702434
11101110100011110110001100100011111 0.079623
10111010111001000000011111110000000 0.944455
11111101000000001010110100011010000 1.167833
11101110010010010100000100101011111 0.500824
01100001110110011010001001000101111 0.209386
11111111001100110000010101101000000 0.359659
00001011101110110110111100111110000 2.027591
11101101111000010111010011100011111 0.890013
10111110001101110101111111101101111 0.625602
11110100001001101010101100110110000 1.304940
11101100001111000010110001100000000 0.397915
01100111010000110111011111111101111 0.113858
11000100000011001011100100011101111 1.613307

TAMANHO: 36
111101001110000000011100001101011111 5.263486
101001101111100101001101000100111111 5.036875
101100110111000000010010001101011111 3.686113
011101011110001000111001111000111111 0.823066
100101010110101110111000100001111111 3.292315
011100111101101001111101011010111111 0.586749
111000111011010100000100011001011111 3.288361
101111101111100110101100100111000000 4.104653
110101110000010001111000011100000000 0.875297
011110101110111111000100101001100000 1.065370
111110010010010010110101001010000000 3.897491
111001000101000110010001001010011111 0.813453
111101111001111011110011010111111111 0.181332
110111100001101101011100000011111111 3.697847
111110011001010100001101001111100000 1.618709
111101101010110000001001111011100000 7.387691
111100000010110011010110000001000000 1.811023
101100001011011100101000001110011111 1.951242
011100001101001101011010011101000000 2.868668
111001011001010000100110001001100000 4.002385

TAMANHO: 37
1011100111011000110001001101111111111 14.173765
0110001001010101011011110010001111111 19.051078
0011101011110001011001101100110000000 2.667644
1111001011111111010001100111010111111 11.821456
0100000011110110010001100001111111111 14.555641
0111001011011100010000000111101111111 13.098086
0011010100101101011110011101010000000 16.827612
0001001111110000010011011011000000000 5.025983
1011001101100001100010111010110000000 14.850359
1101110000100010011110010011101000000 16.472801
1111011110111000011110011011101111111 2.784821
1101011100000101010110110100101111111 21.750703
1111001110001100101110011001000000000 6.098094
1001011001001100111000000101100000000 0.856780
1100110010110101101110001011011000000 10.662536
1101110100111100010001101010010111111 2.996646
0111100111101100101001010101111000000 19.819241
1101101000000001110011011010101000000 4.424642
1100110010111010110100001100100111111 7.641217
1111110111010101110111011100100111111 10.359482

TAMANHO: 38
00101001100001111011111000010010000000 37.603502
10111001000011001010010101111001111111 48.763441
00111100100001000010111100111010000000 11.045562
10101010101100000001010111101110000000 49.132165
10000011001110111000111010110100000000 48.555987
11111111011001100001010011001111111111 13.986803
11111101011111101000101000000000000000 4.841030
10010111010110100010101111010001111111 27.150898
11111000010001011111010101011111111111 34.825013
01011111000111011010100111110000000000 8.233353
10010100100100111011100001111101111111 30.039712
11110111010111111101000110111000000000 31.144590
11100100111010001001010101100100000000 10.480587
11111111001011001101000101010000000000 37.510410
11111110001001101001010111000001111111 58.454408
10100111001111000001010100010111111111 20.500141
11111001011101100110101001101111111111 44.735933
11110110110111010111100111011111111111 0.997707
11001011101001101011010101111111111111 67.672623
11110010010111101011001000000011111111 44.721488

TAMANHO: 39
111111101101000011010111110001011111111 23.889076
101011110000110100001101010101100000000 25.619867
110011100010001010111000100100000000000 3.113274
111111111111100000001010001001100000000 1.390796
111111100101101011101000100001100000000 55.408052
000111101000110111101000100101100000000 16.110049
110100011001000110111011010101011111111 121.996602
111111111000110000110010101101100000000 49.308936
111111101100100111011101111101111111111 2.535716
110011100101000100010110101001111111111 14.075131
111101101110010100001011100000000000000 31.021310
111111111001010010001110011011011111111 12.370951
111011011001011101010011101100111111111 88.951871
011101101000001111111100011000011111111 24.743435
111011110111110111101101010000000000000 14.937461
111111110011000001000100111101111111111 21.392549
010101100000101010011001100001000000000 25.596231
011111100000111111001011000001011111111 1.212518
111101011110011111101100001010111111111 96.798308
110101100010010111100001110111111111111 61.152763