TAMANHO: 10
0111111100 0.000007
0111011100 0.000006
1100100101 0.000003
1111011100 0.000001
1100111111 0.000003
1011010001 0.000004
1110010101 0.000002
0100001110 0.000008
1101110100 0.000002
1110000000 0.000001
1000111111 0.000005
0110010011 0.000007
0101101000 0.000007
1010111111 0.000004
1101100000 0.000002
1001011010 0.000005
0111100011 0.000006
1001100011 0.000005
0000111100 0.000010
0010000000 0.000008

TAMANHO: 11
10110100110 0.000007
01000110011 0.000016
01001001001 0.000015
00011000110 0.000019
01110101011 0.000012
01010111010 0.000014
10011101110 0.000009
01101100100 0.000013
01110010000 0.000012
10011110101 0.000009
01000011110 0.000016
11101000011 0.000003
00000000110 0.000021
11100110010 0.000003
00001101110 0.000020
10110101001 0.000007
10001100000 0.000010
11010010001 0.000004
10111010011 0.000006
10001101011 0.000010

TAMANHO: 12
101111001110 0.000012
100101000111 0.000018
010010011101 0.000030
110100010010 0.000008
001111000110 0.000033
010100011111 0.000029
010001111011 0.000031
100100101110 0.000018
001110000001 0.000033
000110011111 0.000038
011010000111 0.000025
101111000110 0.000012
110110000011 0.000007
001000011001 0.000037
111111000001 0.000001
000010011101 0.000040
110110111101 0.000007
000011011100 0.000040
000110110111 0.000038
100100010011 0.000019

TAMANHO: 13
1001111111110 0.000032
1010001111101 0.000031
1010111111100 0.000027
1000110101100 0.000038
0001110010100 0.000074
0010111010010 0.000069
0001001001101 0.000078
0100010110000 0.000061
0001110101010 0.000074
0010000101100 0.000073
0101001000001 0.000057
0000000000110 0.000101
1101111001011 0.000013
0001111011100 0.000083
1011101101101 0.000026
0101101010100 0.000062
0100101000000 0.000067
0000010010011 0.000093
1001010101101 0.000040
0010001001001 0.000082

TAMANHO: 14
11101111110001 0.000013
11000101111100 0.000044
10010001001111 0.000083
00111001110110 0.000147
01001001001011 0.000135
00000001101101 0.000188
01111000011010 0.000101
11001010010001 0.000040
01000001001000 0.000141
00101000011000 0.000159
10101011111111 0.000063
00100100101011 0.000162
01101111101110 0.000107
10010010111001 0.000081
11110000010001 0.000012
01011111000110 0.000119
11010000011011 0.000036
10001001110011 0.000088
01010100101100 0.000127
00011100001101 0.000168

TAMANHO: 15
011101000010110 0.000220
111111000100100 0.000006
111100101110000 0.000020
001111101110010 0.000285
001101110011100 0.000262
001000011011101 0.000290
101001110010010 0.000116
101000111111110 0.000121
010101101010011 0.000221
000011010100110 0.000316
111000010001110 0.000041
010000000001101 0.000250
100110100000000 0.000131
011110110000000 0.000172
101101101010010 0.000096
111010011100010 0.000030
101101111111011 0.000094
100100000110110 0.000146
101111111011010 0.000084
110011100101110 0.000065

TAMANHO: 16
0000000010100010 0.000665
1111000111110100 0.000037
1000000010100110 0.000332
0011101100000101 0.000522
1101110111010000 0.000089
0110101011011101 0.000388
0111000110101001 0.000371
1000011101000101 0.000315
0111110011111110 0.000342
1011111110101110 0.000168
0100001010001111 0.000494
1001111000110001 0.000255
0011111110110001 0.000501
0100011010011110 0.000483
1111111011010011 0.000004
1101000000101111 0.000128
1010101110100100 0.000220
1101000111101001 0.000121
0010010010100011 0.000571
1010001000011101 0.000244

TAMANHO: 17
01101101110101010 0.000761
10110101111010100 0.000386
11000011100011111 0.000315
11110111001011101 0.000047
00100110001010011 0.001149
00000011001000101 0.001336
11101110011010001 0.000093
00000010110100001 0.001321
11000000110000001 0.000332
11110000101111110 0.000080
11001101001111011 0.000267
11001101111101011 0.000263
00001000110110011 0.001295
10100110111000011 0.000467
10110111011111100 0.000380
11000001101101000 0.000327
01111000011000001 0.000709
01110110000001101 0.000721
00110100101000010 0.001070
10000001110010100 0.000660

TAMANHO: 18
000100001000000110 0.002502
000110111111110011 0.002392
101000100110000101 0.000979
001111011100101001 0.002039
111010000101011110 0.000246
001111000111000101 0.002032
110010110001101111 0.000554
000011100000001010 0.002517
010000001110010111 0.001989
000000011111111110 0.002645
010100101110101011 0.001802
110110010101110010 0.000402
000101111000001101 0.002418
100111101111001000 0.001014
011011010011011110 0.001527
100010000001011101 0.001247
100000000000010100 0.001333
111100100000011001 0.000146
010111010001101110 0.001693
111010100101101101 0.000226

TAMANHO: 19
1110110001101001100 0.000408
0011110011010000011 0.004059
0001100000100101000 0.004828
0100011011010110111 0.003852
1000001100000111000 0.002603
0011000011011010001 0.004738
0111001110010001111 0.002943
0011001101001011000 0.004269
0011100100100110101 0.004148
0111011010010111000 0.002860
1010100010000100110 0.001820
1010110100110100110 0.001722
1011010011100111011 0.001559
0101001001100100011 0.003610
0101100010101000010 0.003480
0111000100001000010 0.002973
1001111000110010101 0.002032
0001111001010100110 0.005311
1100101110011100110 0.001091
0010111001000110011 0.004388

TAMANHO: 20
01101000010000011011 0.006349
01100101111011110110 0.006429
00000100010101111000 0.010501
01001100110011011001 0.007462
10000011011101110011 0.005221
01011011000100111101 0.006895
01011101100110100010 0.006780
00101010010110000000 0.009253
10011001101001110100 0.004267
01111011011000110000 0.005537
11011000000000001110 0.001670
00100010111010010101 0.009198
01101101110100100011 0.006114
01011011000111001001 0.006917
11010001100101011001 0.001952
01011101111111000011 0.006791
00100110100110001010 0.009080
10001010110101011011 0.004895
00010011100000110100 0.009872
01111010101100011110 0.005638

TAMANHO: 21
101101110101101111101 0.006047
001100000010011001101 0.017368
001011111010110010011 0.017394
000101110111110000110 0.019382
001111011100111011111 0.016205
110011110010010100110 0.004061
010111111001010001000 0.013510
101011000011000110111 0.007073
010011011011111000010 0.014961
001110101111001000000 0.016450
011100000101111010010 0.011935
000101110001011011101 0.019363
001111111111011101100 0.015997
011010000001100010111 0.012663
011101000101010110100 0.011646
011010000110011001010 0.012623
101100010000001100001 0.006568
001111011100000011001 0.016171
110000000011110001000 0.005334
011100010110000101010 0.011902

TAMANHO: 22
0010001001101110110011 0.036851
1100010010011101001010 0.009891
1111101010001100001101 0.000911
0001001011000101101011 0.039538
1101011100111010010111 0.006806
1001000011100110100110 0.018489
0111110100000100100101 0.021912
0110000001011001001100 0.026581
0110001100110001011101 0.026172
1011011100010001010110 0.012150
1000000010000001110010 0.021352
0001111010000001101101 0.037593
0111111101100110100001 0.021409
1011111011001110101011 0.010869
0010010011100010100000 0.036442
1100011001010011010111 0.009671
1011000000000011010101 0.013352
0101110000110000111010 0.027244
0001011110100111001111 0.038682
0001101000101100010010 0.038439

TAMANHO: 23
01010000000110000100110 0.058552
01000100111001011110011 0.062970
10110101110100000100001 0.024680
01111011000100101000111 0.044248
00111001100000010110101 0.066080
00010001100111101011111 0.079559
01010101011001100100100 0.057124
01110110000111001111010 0.045911
01110011011110011110110 0.047044
00000100101100110000010 0.084109
11001100010100010100001 0.017350
00100000110011001100011 0.074515
11011101110000010010001 0.011412
11011001011111110000011 0.012887
01010001110010001000111 0.058358
10111000001110101010110 0.024112
00000101011001001000010 0.083513
10000100101001011010001 0.041195
01011101110101001101001 0.054104
11111000101011000111001 0.002448

TAMANHO: 24
100001000001010000100001 0.082668
010101111110010011110011 0.112692
111110010101110000011000 0.004437
001001100100000100100101 0.146002
111100101001001111010101 0.008928
001110110110000111111001 0.133108
010111000110100100101111 0.109887
011100010100100101111110 0.095741
110000110011100010101001 0.040525
110111001011011010101011 0.023683
100011001101010000111010 0.076939
110111110100101001111010 0.021773
010101111110101100110010 0.111914
010100100110111101001001 0.115640
110101011100010111010110 0.028109
100010101001001110100101 0.078736
101110001010010010101011 0.047588
001011000111111001011011 0.141274
110011011100101101001000 0.033483
010010000000011000010001 0.123006

TAMANHO: 25
1000111100010110010000110 0.151240
0000110011110011000101011 0.323907
1010001110011110000101100 0.123337
0100110100001100010001110 0.239393
1110100000010011001000100 0.031944
0010111000100000010101000 0.280441
0001010011100111110110001 0.315163
1011010100100010110000000 0.100071
1101000111010011000010000 0.061655
1000011011011000110111000 0.162476
0100101110000101110011111 0.240880
0010001010110101001000110 0.296290
1001010110010001100110001 0.142048
0001010101101011000110000 0.314594
1011110110011010111000000 0.088735
0000100101011010101011100 0.330877
1011111000000010000001001 0.088187
0000110101000100100101111 0.325005
0011101111001101010001100 0.285988
1100011111100010000001101 0.082541

TAMANHO: 26
11100001100101101010000001 0.092359
00000111111101111000000100 0.736643
00000101111010000101000011 0.731992
01011100011100000001001100 0.463905
00000011011101010101010000 0.695996
00011111011011111101011010 0.606050
10010111001100011110101001 0.281417
11011001001001011100101100 0.108675
01101101110100100101000110 0.393706
01011110100110011100000111 0.433033
11110110101010101000110011 0.024999
01011000101111100100100100 0.449591
01100010011100101001110010 0.422916
01001001010110001101001110 0.489941
11111001111100010101010011 0.016348
01001010101110110000110011 0.486177
00100001111110010001001000 0.601676
00101100111000111111101000 0.587515
01001100010011000110000111 0.503622
01110111010110001001111001 0.367131

TAMANHO: 27
110011000101101000111010010 0.276623
111010011101000101100100101 0.118610
001110001011011001100101111 1.112360
100110100000010111110000001 0.553684
001101110110001010011011110 1.096560
011010111000010000010011110 0.806761
011010000011010000111111000 0.841059
011100001111011000100101101 0.772255
010101101110111101111000101 0.907643
110000000101000101101110110 0.342153
001000000011110110101010000 1.203328
100100101101000010110000010 0.590943
100110000000100000011001010 0.586353
000100010010010011101001100 1.366433
100001110110011010101011111 0.648795
001101000101110011111011100 1.118460
010010101000011001000010000 0.980401
000011010101001011000001101 1.307498
101001111111001110011111000 0.473154
110001010100110110000110001 0.317336

TAMANHO: 28
0110000000101001111101001111 1.716277
1000100011110010110001000011 1.281781
1100111110101101101100000010 0.520690
0101010011010100101100001110 1.839417
0100000101111100101000111001 2.043209
1100010001000011010100111011 0.641470
0011011101110101011101110111 2.167219
0100010010111010101111101100 2.054541
0100011110100001101011111110 2.000761
0010111010011110001110110011 2.236760
1000001111110011101110111100 1.326262
0111011011110001100010001110 1.463445
1101000011001001000100000100 0.504420
0011111111101110000011100110 2.054088
1001001110101010111001100110 1.158245
1010111011101110100001011110 0.866248
0110011001011100000101101110 1.640941
1001101011111101111000011000 1.079326
0110101110110110001010010011 1.583419
1101111110000101110100011110 0.347409

TAMANHO: 29
00100101100101101000011100011 4.763259
00110001111110000011101101000 4.501155
10011110110101110011110111000 2.109636
01000001110100010010000010110 4.156997
11100001011101000011010100111 0.733127
01011101111000101100110101100 3.486987
00110000001101011010100011001 4.445244
10001000111110001010010000001 2.574618
00000110010101010011000101110 5.335755
10111000100100111101010100111 1.525948
01011000000001111110010001101 3.589350
10011000101110100010101010101 2.215773
00000001000001001110000000001 5.511566
00100000100001010000011001010 4.777627
01111010001011101101000010111 2.929970
01111011101001110000010101001 2.827791
11100010100010010000111110010 0.631381
01010010010101000010100001011 3.711394
00100001000000101010101000000 4.760704
01100111100101001010000010001 3.260217

TAMANHO: 30
100011111001111110110100110001 4.804954
110000001011101110010000110110 2.703293
101101110101111101111110011001 3.102635
000110000101110111111110001001 9.892539
110100000000101010100011001110 2.051187
001001011011100010111011010110 9.324899
101001111000111101011001011110 3.778789
010100110010001010100010101110 7.384853
000110111100110011111010110000 9.753405
010101010101011011011110110100 7.373537
110101011100101101100000110101 1.804228
101001000101111110111001101010 3.929116
010100011000100111001010100111 7.480213
110110111111001111101011011010 1.541156
111101100010110011001110011011 0.419851
100000010000111001001110110001 5.426283
110110101010011110001011010111 1.598441
111110010001011000000110001011 0.295504
110000110101110000000100010100 2.593529
001011000111001001000111110111 9.038788

TAMANHO: 31
1110101110011010110101101100010 1.740495
0101100011111001111101011001000 14.442943
1110110111110011000010000100101 1.559423
1011111000100110000010100010111 5.681514
1111111010111010101011001000001 0.108960
1011101101010011110111001001101 6.001568
0111011001100110100101001110110 11.919033
0011100100111111111111011010111 17.022921
1010001011011101010000000001011 7.961230
1111000000000011001001000000100 1.366805
1000001110011010100101010101001 10.628333
0001101101101000111010001000111 19.828280
1011011101010000110000011010111 6.211563
0101011110111010100010101100111 14.408445
1010010111100010010010101000111 7.700264
1010110010101101101010110101111 7.122457
0101111011010001010010000110111 13.939975
1011100000111110000101000100000 6.189388
0110001101010111101111110011000 13.395732
1100001110101000001101001011000 5.229359

TAMANHO: 32
00101111000111001101110110011110 35.867840
10011000101000110010110001000011 17.725989
10111101001101100101001011010110 11.449879
00100000111011100100001011101011 38.408003
00000111100110001110101110110100 42.585890
00101101001010001111100100011011 36.126045
01101010001110010001111010101111 25.760254
10111101110100101111011101100110 11.414229
11101110010111000011010100001110 3.024565
01101000110001000001111001011100 26.004284
11101011110011001010001101011101 3.464657
11110000100010010111010010110000 2.710823
10110100000000010010000000001100 13.087512
10010010100100111001100100110000 18.789611
10000101100001111100001111011010 21.175243
11011101110001010000111010111101 5.868688
01010100011111110011011110010001 29.473742
00001110110010011110101101010111 41.481665
01110111101101001100001001100010 23.391685
11000000011001010011011111111101 11.047291

TAMANHO: 33
110101100001110000000010010111100 14.404795
110101101000000110110100010110011 58.282959
111101000101111100010000110011000 4.080231
100001101101000100111101000110100 86.079669
010111010011100001101110111100011 55.905026
000011110001010001100011001000111 82.822849
000000010010100111110101000010111 87.733586
110100101001101111000101101110000 59.661417
001101011000100111001100100101000 70.003121
101011110010110000001000110000111 72.050898
110100111000110000001100101101011 59.376135
101001100100000101110111111111011 30.864181
110010110001111000101101010001011 18.185405
101010100110000011100111010100011 73.574699
111001111110110000010001110101000 52.336352
100101001100011101101111100110111 80.993992
110010000010110001100000000011000 63.263695
111010010010001111011100110100011 53.082688
111111110100100000010101001011100 46.061822
100111101101001110011100011100000 79.542818

TAMANHO: 34
1111001100100011011111000110000111 8.931294
1000100011001000011011000010011000 175.107880
0110001100000101100111100000110000 110.766196
1100000000100000101001101010101111 45.096977
1101011101111110111010111001010000 28.374248
1000100001010010010000100101010111 84.786653
1110101111000011100010011010111111 149.620233
1001010011110011101110100100011111 75.952902
1001100111010110110010100010001000 72.386676
1110110011000011110000011110111000 149.562411
1000000010011101001000001101111000 87.180507
1110011111010010101110111110011111 16.537062
0101001011100110101011110001000000 118.427523
1011001101001101001001110001011000 52.485441
1001001011110101110000011101111000 74.647340
0000111111101001010110100100000111 164.394825
1000101000000101110001111011010111 80.821106
1101001101111011110101110001001000 118.205311
1100001001001100001011110110011000 42.380861
1011101001000100100110111101000111 135.625338
