TAMANHO: 10
0111111100 0.000017
0111011100 0.000009
1100100101 0.000007
1111011100 0.000008
1100111111 0.000005
1011010001 0.000007
1110010101 0.000006
0100001110 0.000005
1101110100 0.000008
1110000000 0.000008
1000111111 0.000004
0110010011 0.000005
0101101000 0.000008
1010111111 0.000005
1101100000 0.000008
1001011010 0.000006
0111100011 0.000008
1001100011 0.000007
0000111100 0.000005
0010000000 0.000006

TAMANHO: 11
10110100110 0.000011
01000110011 0.000008
01001001001 0.000014
00011000110 0.000013
01110101011 0.000011
01010111010 0.000011
10011101110 0.000011
01101100100 0.000014
01110010000 0.000014
10011110101 0.000010
01000011110 0.000007
11101000011 0.000013
00000000110 0.000010
11100110010 0.000012
00001101110 0.000009
10110101001 0.000012
10001100000 0.000014
11010010001 0.000013
10111010011 0.000012
10001101011 0.000008

TAMANHO: 12
101111001110 0.000022
100101000111 0.000016
010010011101 0.000010
110100010010 0.000017
001111000110 0.000021
010100011111 0.000008
010001111011 0.000008
100100101110 0.000009
001110000001 0.000019
000110011111 0.000008
011010000111 0.000012
101111000110 0.000019
110110000011 0.000019
001000011001 0.000010
111111000001 0.000023
000010011101 0.000008
110110111101 0.000012
000011011100 0.000014
000110110111 0.000009
100100010011 0.000011

TAMANHO: 13
1001111111110 0.000019
1010001111101 0.000010
1010111111100 0.000018
1000110101100 0.000024
0001110010100 0.000030
0010111010010 0.000023
0001001001101 0.000012
0100010110000 0.000022
0001110101010 0.000024
0010000101100 0.000016
0101001000001 0.000019
0000000000110 0.000017
1101111001011 0.000020
0001111011100 0.000023
1011101101101 0.000015
0101101010100 0.000024
0100101000000 0.000023
0000010010011 0.000016
1001010101101 0.000015
0010001001001 0.000018

TAMANHO: 14
11101111110001 0.000034
11000101111100 0.000018
10010001001111 0.000011
00111001110110 0.000016
01001001001011 0.000015
00000001101101 0.000010
01111000011010 0.000024
11001010010001 0.000030
01000001001000 0.000021
00101000011000 0.000016
10101011111111 0.000011
00100100101011 0.000012
01101111101110 0.000018
10010010111001 0.000014
11110000010001 0.000016
01011111000110 0.000025
11010000011011 0.000010
10001001110011 0.000009
01010100101100 0.000018
00011100001101 0.000019

TAMANHO: 15
011101000010110 0.000040
111111000100100 0.000069
111100101110000 0.000067
001111101110010 0.000063
001101110011100 0.000059
001000011011101 0.000017
101001110010010 0.000063
101000111111110 0.000021
010101101010011 0.000064
000011010100110 0.000041
111000010001110 0.000028
010000000001101 0.000024
100110100000000 0.000046
011110110000000 0.000043
101101101010010 0.000041
111010011100010 0.000027
101101111111011 0.000019
100100000110110 0.000017
101111111011010 0.000030
110011100101110 0.000033

TAMANHO: 16
0000000010100010 0.000036
1111000111110100 0.000041
1000000010100110 0.000021
0011101100000101 0.000055
1101110111010000 0.000055
0110101011011101 0.000021
0111000110101001 0.000033
1000011101000101 0.000044
0111110011111110 0.000015
1011111110101110 0.000040
0100001010001111 0.000017
1001111000110001 0.000042
0011111110110001 0.000051
0100011010011110 0.000023
1111111011010011 0.000034
1101000000101111 0.000011
1010101110100100 0.000050
1101000111101001 0.000028
0010010010100011 0.000020
1010001000011101 0.000020

TAMANHO: 17
01101101110101010 0.000065
10110101111010100 0.000077
11000011100011111 0.000048
11110111001011101 0.000051
00100110001010011 0.000047
00000011001000101 0.000061
11101110011010001 0.000060
00000010110100001 0.000049
11000000110000001 0.000052
11110000101111110 0.000015
11001101001111011 0.000031
11001101111101011 0.000027
00001000110110011 0.000020
10100110111000011 0.000039
10110111011111100 0.000045
11000001101101000 0.000052
01111000011000001 0.000051
01110110000001101 0.000052
00110100101000010 0.000053
10000001110010100 0.000047

TAMANHO: 18
000100001000000110 0.000085
000110111111110011 0.000085
101000100110000101 0.000088
001111011100101001 0.000162
111010000101011110 0.000029
001111000111000101 0.000071
110010110001101111 0.000051
000011100000001010 0.000094
010000001110010111 0.000023
000000011111111110 0.000025
010100101110101011 0.000050
110110010101110010 0.000064
000101111000001101 0.000126
100111101111001000 0.000126
011011010011011110 0.000060
100010000001011101 0.000027
100000000000010100 0.000063
111100100000011001 0.000072
010111010001101110 0.000076
111010100101101101 0.000042

TAMANHO: 19
1110110001101001100 0.000151
0011110011010000011 0.000166
0001100000100101000 0.000145
0100011011010110111 0.000063
1000001100000111000 0.000143
0011000011011010001 0.000097
0111001110010001111 0.000119
0011001101001011000 0.000145
0011100100100110101 0.000102
0111011010010111000 0.000171
1010100010000100110 0.000139
1010110100110100110 0.000123
1011010011100111011 0.000061
0101001001100100011 0.000080
0101100010101000010 0.000158
0111000100001000010 0.000150
1001111000110010101 0.000123
0001111001010100110 0.000123
1100101110011100110 0.000144
0010111001000110011 0.000100

TAMANHO: 20
01101000010000011011 0.000157
01100101111011110110 0.000173
00000100010101111000 0.000116
01001100110011011001 0.000192
10000011011101110011 0.000095
01011011000100111101 0.000095
01011101100110100010 0.000241
00101010010110000000 0.000209
10011001101001110100 0.000197
01111011011000110000 0.000278
11011000000000001110 0.000142
00100010111010010101 0.000171
01101101110100100011 0.000256
01011011000111001001 0.000188
11010001100101011001 0.000175
01011101111111000011 0.000210
00100110100110001010 0.000203
10001010110101011011 0.000148
00010011100000110100 0.000216
01111010101100011110 0.000144

TAMANHO: 21
101101110101101111101 0.000154
001100000010011001101 0.000121
001011111010110010011 0.000261
000101110111110000110 0.000268
001111011100111011111 0.000155
110011110010010100110 0.000274
010111111001010001000 0.000390
101011000011000110111 0.000068
010011011011111000010 0.000176
001110101111001000000 0.000264
011100000101111010010 0.000102
000101110001011011101 0.000080
001111111111011101100 0.000153
011010000001100010111 0.000067
011101000101010110100 0.000144
011010000110011001010 0.000146
101100010000001100001 0.000168
001111011100000011001 0.000258
110000000011110001000 0.000133
011100010110000101010 0.000190

TAMANHO: 22
0010001001101110110011 0.000152
1100010010011101001010 0.000137
1111101010001100001101 0.000261
0001001011000101101011 0.000154
1101011100111010010111 0.000219
1001000011100110100110 0.000247
0111110100000100100101 0.000253
0110000001011001001100 0.000161
0110001100110001011101 0.000181
1011011100010001010110 0.000265
1000000010000001110010 0.000165
0001111010000001101101 0.000211
0111111101100110100001 0.000411
1011111011001110101011 0.000220
0010010011100010100000 0.000272
1100011001010011010111 0.000090
1011000000000011010101 0.000092
0101110000110000111010 0.000171
0001011110100111001111 0.000173
0001101000101100010010 0.000185

TAMANHO: 23
01010000000110000100110 0.000298
01000100111001011110011 0.000216
10110101110100000100001 0.000508
01111011000100101000111 0.000281
00111001100000010110101 0.000300
00010001100111101011111 0.000056
01010101011001100100100 0.000565
01110110000111001111010 0.000126
01110011011110011110110 0.000216
00000100101100110000010 0.000364
11001100010100010100001 0.000387
00100000110011001100011 0.000219
11011101110000010010001 0.000470
11011001011111110000011 0.000250
01010001110010001000111 0.000257
10111000001110101010110 0.000146
00000101011001001000010 0.000349
10000100101001011010001 0.000267
01011101110101001101001 0.000308
11111000101011000111001 0.000275

TAMANHO: 24
100001000001010000100001 0.000305
010101111110010011110011 0.000332
111110010101110000011000 0.000463
001001100100000100100101 0.000295
111100101001001111010101 0.000227
001110110110000111111001 0.000315
010111000110100100101111 0.000197
011100010100100101111110 0.000100
110000110011100010101001 0.000349
110111001011011010101011 0.000300
100011001101010000111010 0.000301
110111110100101001111010 0.000210
010101111110101100110010 0.000357
010100100110111101001001 0.000209
110101011100010111010110 0.000188
100010101001001110100101 0.000196
101110001010010010101011 0.000179
001011000111111001011011 0.000229
110011011100101101001000 0.000448
010010000000011000010001 0.000259

TAMANHO: 25
1000111100010110010000110 0.000709
0000110011110011000101011 0.000577
1010001110011110000101100 0.000623
0100110100001100010001110 0.000439
1110100000010011001000100 0.000474
0010111000100000010101000 0.000537
0001010011100111110110001 0.000266
1011010100100010110000000 0.000560
1101000111010011000010000 0.000647
1000011011011000110111000 0.000493
0100101110000101110011111 0.000111
0010001010110101001000110 0.000530
1001010110010001100110001 0.000514
0001010101101011000110000 0.000543
1011110110011010111000000 0.000639
0000100101011010101011100 0.000333
1011111000000010000001001 0.000673
0000110101000100100101111 0.000284
0011101111001101010001100 0.000792
1100011111100010000001101 0.000697

TAMANHO: 26
11100001100101101010000001 0.000501
00000111111101111000000100 0.000884
00000101111010000101000011 0.000844
01011100011100000001001100 0.000745
00000011011101010101010000 0.000736
00011111011011111101011010 0.000534
10010111001100011110101001 0.000524
11011001001001011100101100 0.000290
01101101110100100101000110 0.000750
01011110100110011100000111 0.000669
11110110101010101000110011 0.000645
01011000101111100100100100 0.000775
01100010011100101001110010 0.000546
01001001010110001101001110 0.000576
11111001111100010101010011 0.000715
01001010101110110000110011 0.000701
00100001111110010001001000 0.000915
00101100111000111111101000 0.000423
01001100010011000110000111 0.000400
01110111010110001001111001 0.000711

TAMANHO: 27
110011000101101000111010010 0.000956
111010011101000101100100101 0.001001
001110001011011001100101111 0.000408
100110100000010111110000001 0.000567
001101110110001010011011110 0.000600
011010111000010000010011110 0.000721
011010000011010000111111000 0.000540
011100001111011000100101101 0.000833
010101101110111101111000101 0.000673
110000000101000101101110110 0.000271
001000000011110110101010000 0.000828
100100101101000010110000010 0.001081
100110000000100000011001010 0.000858
000100010010010011101001100 0.000522
100001110110011010101011111 0.000282
001101000101110011111011100 0.000481
010010101000011001000010000 0.000897
000011010101001011000001101 0.000818
101001111111001110011111000 0.000853
110001010100110110000110001 0.000863

TAMANHO: 28
0110000000101001111101001111 0.000131
1000100011110010110001000011 0.001175
1100111110101101101100000010 0.001962
0101010011010100101100001110 0.001320
0100000101111100101000111001 0.001551
1100010001000011010100111011 0.000182
0011011101110101011101110111 0.001077
0100010010111010101111101100 0.000720
0100011110100001101011111110 0.000526
0010111010011110001110110011 0.001231
1000001111110011101110111100 0.000865
0111011011110001100010001110 0.001930
1101000011001001000100000100 0.001515
0011111111101110000011100110 0.001747
1001001110101010111001100110 0.001039
1010111011101110100001011110 0.001531
0110011001011100000101101110 0.001456
1001101011111101111000011000 0.001900
0110101110110110001010010011 0.001681
1101111110000101110100011110 0.001097

TAMANHO: 29
00100101100101101000011100011 0.001732
00110001111110000011101101000 0.002425
10011110110101110011110111000 0.001452
01000001110100010010000010110 0.001972
11100001011101000011010100111 0.001750
01011101111000101100110101100 0.001496
00110000001101011010100011001 0.001497
10001000111110001010010000001 0.002584
00000110010101010011000101110 0.001617
10111000100100111101010100111 0.000373
01011000000001111110010001101 0.000613
10011000101110100010101010101 0.001703
00000001000001001110000000001 0.001940
00100000100001010000011001010 0.001746
01111010001011101101000010111 0.001495
01111011101001110000010101001 0.002817
11100010100010010000111110010 0.001864
01010010010101000010100001011 0.002276
00100001000000101010101000000 0.001852
01100111100101001010000010001 0.002759

TAMANHO: 30
100011111001111110110100110001 0.003096
110000001011101110010000110110 0.002221
101101110101111101111110011001 0.002323
000110000101110111111110001001 0.001211
110100000000101010100011001110 0.001241
001001011011100010111011010110 0.001609
101001111000111101011001011110 0.002135
010100110010001010100010101110 0.001627
000110111100110011111010110000 0.002604
010101010101011011011110110100 0.002158
110101011100101101100000110101 0.002663
101001000101111110111001101010 0.002168
010100011000100111001010100111 0.000671
110110111111001111101011011010 0.002240
111101100010110011001110011011 0.001701
100000010000111001001110110001 0.001526
110110101010011110001011010111 0.001843
111110010001011000000110001011 0.003119
110000110101110000000100010100 0.003079
001011000111001001000111110111 0.001587

TAMANHO: 31
1110101110011010110101101100010 0.004816
0101100011111001111101011001000 0.004420
1110110111110011000010000100101 0.006429
1011111000100110000010100010111 0.004871
1111111010111010101011001000001 0.006627
1011101101010011110111001001101 0.002577
0111011001100110100101001110110 0.003850
0011100100111111111111011010111 0.002244
1010001011011101010000000001011 0.006268
1111000000000011001001000000100 0.005110
1000001110011010100101010101001 0.004825
0001101101101000111010001000111 0.003384
1011011101010000110000011010111 0.002321
0101011110111010100010101100111 0.003854
1010010111100010010010101000111 0.003882
1010110010101101101010110101111 0.001690
0101111011010001010010000110111 0.002625
1011100000111110000101000100000 0.007266
0110001101010111101111110011000 0.003758
1100001110101000001101001011000 0.004811

TAMANHO: 32
00101111000111001101110110011110 0.002884
10011000101000110010110001000011 0.005332
10111101001101100101001011010110 0.005477
00100000111011100100001011101011 0.005003
00000111100110001110101110110100 0.002703
00101101001010001111100100011011 0.001797
01101010001110010001111010101111 0.002910
10111101110100101111011101100110 0.003593
11101110010111000011010100001110 0.005818
01101000110001000001111001011100 0.002663
11101011110011001010001101011101 0.004229
11110000100010010111010010110000 0.004050
10110100000000010010000000001100 0.004483
10010010100100111001100100110000 0.005803
10000101100001111100001111011010 0.003892
11011101110001010000111010111101 0.004148
01010100011111110011011110010001 0.006895
00001110110010011110101101010111 0.002704
01110111101101001100001001100010 0.007285
11000000011001010011011111111101 0.001102

TAMANHO: 33
110101100001110000000010010111101 0.007268
010101101000000110110100010110011 0.004225
111101000101111100010000110011001 0.012416
000001101101000100111101000110101 0.005472
010111010011100001101110111100010 0.004760
000011110001010001100011001000110 0.008106
000000010010100111110101000010110 0.005514
010100101001101111000101101110001 0.007551
001101011000100111001100100101000 0.009202
001011110010110000001000110000111 0.009592
010100111000110000001100101101011 0.005584
101001100100000101110111111111010 0.000598
110010110001111000101101010001011 0.008860
001010100110000011100111010100011 0.003205
011001111110110000010001110101001 0.010788
000101001100011101101111100110111 0.004597
010010000010110001100000000011001 0.009826
011010010010001111011100110100011 0.004370
011111110100100000010101001011101 0.006100
000111101101001110011100011100001 0.009931

TAMANHO: 34
1111001100100011011111000110000110 0.009140
0000100011001000011011000010011010 0.006667
0110001100000101100111100000110000 0.012588
1100000000100000101001101010101101 0.003501
1101011101111110111010111001010010 0.015590
1000100001010010010000100101010110 0.007277
0010101111000011100010011010111111 0.008107
1001010011110011101110100100011110 0.013253
1001100111010110110010100010001000 0.018867
0010110011000011110000011110111011 0.007519
1000000010011101001000001101111010 0.007953
1110011111010010101110111110011100 0.009197
0101001011100110101011110001000000 0.018027
1011001101001101001001110001011010 0.010055
1001001011110101110000011101111000 0.014695
0000111111101001010110100100000100 0.017862
1000101000000101110001111011010110 0.004852
0101001101111011110101110001001010 0.016937
1100001001001100001011110110011010 0.003701
0011101001000100100110111101000110 0.006852

TAMANHO: 35
01100101000000011111101110101100111 0.002523
10000010010011110100001100101101111 0.010927
01000101000101101100010110000111100 0.018971
00000011101111110000100000110000011 0.027834
01000100011100001011011111010011110 0.003924
10010100010000100100011110001100001 0.015702
00101110011010101101010101100110110 0.013562
00101110100011110110001100100011111 0.013739
10011010111001000000011111110000101 0.010636
01111101000000001010110100011010100 0.013834
11101110010010010100000100101011101 0.013212
00100001110110011010001001000101011 0.022981
10111111001100110000010101101000011 0.021086
00001011101110110110111100111110000 0.014308
01101101111000010111010011100011101 0.007502
10111110001101110101111111101101100 0.008652
11110100001001101010101100110110001 0.014469
11101100001111000010110001100000010 0.020770
00000111010000110111011111111101011 0.002992
11000100000011001011100100011101110 0.008009

TAMANHO: 36
001101001110000000011100001101011100 0.010065
101001101111100101001101000100110010 0.034403
100100110111000000010010001101011010 0.014286
011001011110001000111001111000110111 0.005754
100101010110101110111000100001110001 0.031359
010000111101101001111101011010110111 0.014525
101000111011010100000100011001010110 0.025106
101011101111100110101100100111000001 0.035078
100001110000010001111000011100000101 0.016419
011010101110111111000100101001100111 0.032045
011110010010010010110101001010001100 0.018877
111001000101000110010001001010010000 0.022962
111101111001111011110011010111110111 0.020431
110111100001101101011100000011111001 0.024821
011110011001010100001101001111101011 0.007860
011101101010110000001001111011101100 0.011245
011100000010110011010110000001001100 0.027843
101000001011011100101000001110010001 0.026070
011000001101001101011010011101000001 0.025723
001001011001010000100110001001101110 0.010985

TAMANHO: 37
1010100111011000110001001101111100110 0.030066
0100001001010101011011110010001101100 0.030196
0010101011110001011001101100110000111 0.031406
1111001011111111010001100111010111010 0.037681
0100000011110110010001100001111100000 0.052686
0110001011011100010000000111101101110 0.030962
0011010100101101011110011101010000100 0.048053
0001001111110000010011011011000000010 0.049190
0011001101100001100010111010110010110 0.024341
1000110000100010011110010011101011010 0.014323
0100011110111000011110011011101111110 0.012538
0001011100000101010110110100101111000 0.025308
1111001110001100101110011001000000110 0.047841
1001011001001100111000000101100000000 0.054881
1000110010110101101110001011011001001 0.036274
1101010100111100010001101010010100011 0.044882
0001100111101100101001010101111001100 0.034664
1101101000000001110011011010101010011 0.020657
1000010010111010110100001100100111001 0.048145
1100110111010101110111011100100101110 0.032891

TAMANHO: 38
00101001100001111011111000010010001010 0.067756
10111001000011001010010101111001100010 0.044005
00111000100001000010111100111010000011 0.022576
10001010101100000001010111101110001010 0.014089
00000011001110111000111010110100100000 0.061754
11101011011001100001010011001111111101 0.012074
10011001011111101000101000000000011101 0.073775
10010011010110100010101111010001100101 0.037618
10111000010001011111010101011111110010 0.039288
01000011000111011010100111110000000111 0.058919
10010100100100111011100001111101000101 0.047343
00010011010111111101000110111000111001 0.061526
11100100111010001001010101100100001001 0.045185
00110111001011001101000101010000111010 0.058578
10111110001001101001010111000001111000 0.042470
00100011001111000001010100010111100001 0.032501
01111001011101100110101001101111110100 0.049833
10000110110111010111100111011111111101 0.038464
10001011101001101011010101111111010000 0.046852
11110010010111101011001000000011011100 0.076723

TAMANHO: 39
101011001101000011010111110001011111101 0.017319
000010110000110100001101010101101010011 0.034402
010001000010001010111000100100001100111 0.069551
110001011111100000001010001001101011111 0.024997
010011100101101011101000100001101111001 0.103308
000110101000110111101000100101100001011 0.126116
110000011001000110111011010101011001000 0.083335
111011011000110000110010101101100011001 0.065142
110101101100100111011101111101110110111 0.031865
010010000101000100010110101001111000111 0.016581
001100101110010100001011100000001110010 0.095848
101100111001010010001110011011010110111 0.016408
101011011001011101010011101100110100110 0.071903
011101101000001111111100011000010101011 0.090215
110011010111110111101101010000000010011 0.146904
110011110011000001000100111101111011011 0.012001
010101100000101010011001100001000101010 0.088506
001100100000111111001011000001010111111 0.056109
111100011110011111101100001010110011010 0.115481
010001100010010111100001110111111001001 0.066623

TAMANHO: 40
1111011000010001010111111100100101100001 0.070052
0100101110011101010001000101000100000101 0.137385
0110000100100111111101001111111111010111 0.087372
0000100100100101110001001011111100011100 0.057457
1101001100111111011001011101011110001001 0.127298
1111111111100110110100000101011101110010 0.157260
0001001101111111010011001001110001011100 0.132035
0001011101110010001001011011000000000110 0.127968
0011011000111000101111100110011101011110 0.065423
1011111001010100001110101100001100001011 0.104486
0111011001110001000110110101010100001001 0.102208
0110001011010110001100101110110101101100 0.091129
1010111101011011001010000010001000011111 0.138045
0001001101000010110111110010000111001010 0.098317
0111001101001010101101011101010110110011 0.087570
0110100110101000101100111011010000000010 0.138601
1110010010000100101001111110011110101000 0.034922
0001000110100100111110100100011011100110 0.119933
0011110110101111001000100010100010100100 0.167190
0010101010100111001111010001000101101110 0.117618

TAMANHO: 41
10110101110000010101011100011110011011100 0.093719
01010000000110010111000000111100001000000 0.244748
00011000001010111111101110101010110011111 0.094902
01011101010000111111101010010011101001110 0.172942
11001100101111110101100110101000111011001 0.169413
10110110100001011011010111110001000010111 0.153745
01001001110110100111111001010000000110100 0.265037
00010011001101101100011000111010111101100 0.101060
01011000110011110101101001001111100011100 0.184752
01001011000111000110000100100010000100100 0.241499
10110110010001011011111000110000100110111 0.150706
11011001010111010010000110100111110011001 0.126939
11000101000011100111110001100110010000010 0.256913
10110011100011011000000010010010110111010 0.157378
00111110011111000001101100010110011011101 0.105001
00101111011101101010110111100001001001010 0.238854
11000110000001000110111000001001110001001 0.167069
00110000011100111111001100110000011111000 0.235945
01000010100100111010110000110110101111001 0.082864
01000101001111111011101000010110110001011 0.208932

TAMANHO: 42
011110000000000001110111001011100101010101 0.073331
010000010101001011000010110000100100110100 0.194834
110011111000010000000111110011001111011100 0.020802
101000101110001111001010010101100111101111 0.161819
101010111011001110000101000010110010011011 0.175699
100011000110110100010110100111111000111011 0.059243
111011101000111010010011100111001000111111 0.117513
111101010011000100100100000101001100011010 0.193539
010001101101100110010000100010101101000000 0.285685
110110111110010111111010101101000001011100 0.374615
100000100100100001101011001101101110000111 0.084983
001011000000000100111111110000010011000101 0.180272
011000110000000011100101001101001000100111 0.124325
101010110010010010110111000000110101110100 0.204473
001100010000100001011010110110111010011111 0.048816
011001010111011011111000011001001001000010 0.415058
101011110101001000101010100110111111100001 0.145333
101001000100001101001000100110011100101000 0.220273
011100000011101000010000001110000111011110 0.127108
011010000110011111100111000101110110101110 0.185196

TAMANHO: 43
0000001100011111000100001101011100111001111 0.144336
0100100110000000100110010100010101111011100 0.227129
0001010000100000110100000011000010011100101 0.377274
1101000011011010001011011000001001001110011 0.363614
1011111100011000001001101010110110110100101 0.134634
0100001000101100101111010000101011100000010 0.560618
0000100000001010000101111000111101101010110 0.079787
0111010011111100000110110010010001100011100 0.510174
0111010000101011101110010001100011000111011 0.447811
1010001001110111000100110001000000010000110 0.527356
1111101100111101101010001101011101100011100 0.478895
0000011111010000101011001110100010111100111 0.172318
1101111010110100010100001000100000110100101 0.515432
1100101000010110110001100000011001011100111 0.234055
1101110010001111010110001111001101010100000 0.577436
1001100111101000011000100111011100000110111 0.188987
0001000001010001010010011100101000101110110 0.206049
1000010000010101100101011111011110100111000 0.105040
0010001101011111111101000010001011001001111 0.490692
1011111010011110010101111111110001001100010 0.310774

TAMANHO: 44
01111110110001101111100001010001101010100010 0.859497
11101100101000010101111100111011100010000000 0.749736
01101100101011110011000011001011010011010110 0.508815
10000001010100101110111110101001001010011000 0.643943
10110001101100010101011100110010100011100001 0.562663
11001001011000100011101111001101010101001010 0.361374
10011000010101101000100101010010001111001110 0.302138
11100000001110010110110111001111100010001000 0.645012
11000011101001110001011010101110011101000001 0.500453
01111010000000011010011111101000010000010011 0.407544
10110010101110100100011001011000100100110011 0.469583
11111100110101010110101000100101001101111110 0.410873
00111010011110010011010011011010011000100111 0.525204
11100101000001000010100001110001000000110001 0.440574
11010111110111000001100101011010011101000010 0.644376
11001010001010110110100110011101001011110010 0.364747
10010101000001111111111100110001101010000001 0.846299
11110011010000100010101100010011100100010111 0.272072
11101101001001111001100001011001110001110000 0.671294
10010011110001001001111101000010110000001100 0.736453

TAMANHO: 45
001101010001001001100001011110001110101000001 0.599890
010000001011101111001001010111001100101110011 0.478355
000111100011011001100001011001011000100111110 0.466727
101011001000001101110110111000001000100001011 1.068796
001100000100011010110100100000110101110101001 0.755304
011111100010011000001101000011100111010010101 0.558662
111001011001011110111010011000011000001100101 1.102150
110010100010010101010001100010010001100101100 0.780944
111000011010111000001110100101111011011011100 0.273224
000011101011000111010001100011100110100101101 0.548012
101010011110001111010010011110000001110101010 0.782554
101010111000111100100000001111100101110010000 0.759836
101101011010000111111010010111011010110111111 0.357265
011110100000001111011001100011110101000111100 0.618893
101100101101110100010010100011001011101010000 0.729020
001101001000010001111101000000100101011100011 0.931729
100110110110101000000111010100010110001000010 0.802900
000110001111010100011110001111010101111110001 0.392615
100110000011000010110111001011000101010111000 0.676070
010011000000110101000110000101011101001100010 0.681468

TAMANHO: 46
1000010001001011100011000100011110011011101010 0.567086
1100110111111011100101111101001001101001000011 1.584089
0100111101101001010111010001001100110100001110 1.457370
0111001110010100100111011011100111110000100101 0.895066
0100000111011101110111110110001110011110001001 1.485871
1010100100110010001011111100100011110110001001 1.010253
1001110111110111000001011011001000100010000011 1.360359
1101000010101001010100100011011010100111100001 0.746941
1000001111001000110100111100001101001000010010 1.144214
0110111101110100000100101011011010111101101101 0.446295
0100000101000000101110101000010111000001000011 1.010296
0110011111111011101110011100000100110010110011 1.517610
1100100101000100000001111011100011111011010111 0.065011
0000010010000110111010110100000110000100000100 1.341657
1011100001110011110111001010111010111111010101 0.910016
1000000010010001000101110100001100001000101000 0.945363
1010010000010110001111111001101110010111100110 0.772264
1100110100001110100100000000110010000000000010 1.012510
0110000001010000010000001100000011111101000000 0.789207
1010000111010000010011100110111111000011101110 0.463555

TAMANHO: 47
01000011011011101110111000100101111110001110001 1.825470
01001000010001111011111111010100000011011011010 2.024770
01010001111111011001110010101010010010010100101 2.476654
01010010000101010011100101100001010100000110110 1.809854
01010010010110100001111101111001011110001100001 1.625076
01011111100110010000000111010110000110001011101 0.835314
11000111000100010101111011110111110010010010101 1.338467
00100011101100100101000111010011100100011100110 0.988354
01110101100111111111110101111111010101011010001 1.391210
10001100011101010001111101011010001000011111011 1.401368
01010101101001011011100001000101001011100100100 2.315882
01011100110000101000111001011111001010110011010 1.154073
11101000010111000000111110011111110111010111101 0.336540
11110001011101101011101001001100010110110011010 2.086317
00001110011101100001110010001100000011111110011 1.155253
01101011011110111010011111000101000101101011010 1.968555
01101010100000001011011001001000101001110101000 2.058044
00111101001000000110111001011101101010110001111 0.800368
01001000000101101110000100011001000001111100101 1.292165
00011111111011111110101000101011011011101111100 1.205300

TAMANHO: 48
000111100001110111010100111110010110010100100010 2.531216
110110010010001000101010001101100011110011011000 1.200134
001100010111110011010011111011111101101001000110 1.898931
001110001001110100011001000010001010000000011011 2.582804
010011110110010100011010100000000001101110100111 2.296067
011001100011000010011101100000111101110011010010 1.709225
111111100101101110110010001101001011110110011100 2.277098
100010000000100101001111111111001100000000000111 2.115183
000010010100110110011000010000001010110001110001 2.127115
011100111110011011111101001011000001110100001101 3.599467
111001110000011111101001001100100001100001000101 3.369111
111110111011110000100110100111101000110000100010 2.943914
001001011101101100100010100010111110111000001010 1.795773
000010000100010101101011111011010100111010110001 1.439816
110011010000100011100110101100010111010010000011 1.951944
010111101100110101101010110101111010010000001000 3.281469
010111111101001000110110101111111011110100111010 1.383738
011010110011101000111100111101000111111110111100 1.194500
110110101011000111000011110101000110011001000101 2.437383
000001100101011001000110001011100110110001110100 1.549511

TAMANHO: 49
1000010110100010010001011111101001000110010110010 2.264932
0000010110011101101101010110010110100001111100111 2.424012
1101010101011100000001101111100010101111100000011 1.596093
1011101001100100010010101010010101011001111010000 2.717899
0111010100000100110101010100011111101000101100111 1.746854
1100001000100001100100010011111100101110111001010 0.756731
0000101000100100011111111010011000111011001010011 3.438468
1101111011101100111110011110000101100001010010101 4.873440
1000000110000010110010010000011011100100111000101 2.902326
1010101100010001010110110100010000010011010110010 4.675066
0100001000001101011000010111011110001011110100101 1.003011
1111101001110100110100110010000111100010010110011 4.030297
0000110111101111011000010010111110110101110001011 1.826399
1010011100101110001001101100010010001101111001011 2.163421
0111001010101100101100000001101110001111111101101 0.508973
0100111001101100011101011111111101101101110100110 1.451975
0101110001110010011011000000101011000000110001101 4.370091
0000000111100110110000000111001011100110111100010 1.249898
1101011000100011110110100010001000000011011001011 4.709965
0001011011000100100100100001010011010001000001110 3.789125

TAMANHO: 50
10001100110001011111010101100000100111111001011010 4.799881
10100101111110010010000001011101001010100100011100 2.953180
10110011100010000011001101000011111010011001010101 2.369015
10011000100010001010111010100001111011111100010010 3.647709
01101101111100010011000000000011110100101011001010 3.214902
11101011101101001110101100100100000000100100110010 7.281361
01011001000101001010001110000001011001101110000000 5.330590
11010001000010001010111101001100011010110110101000 4.193007
10111101111111100110111000000100011110001001111110 5.822598
10000010100110110101010001110000001110001010100100 4.944954
11001011011110110000100111111111110110110100010100 3.315644
00100001010100111100000110000111101010110000001011 4.645390
11000001010010001001001100010101010111110011110100 1.526757
01001111001001101111010110001111011000100101110001 6.400336
10110100000001101110000011001100010101011101000111 2.216587
10110110101101100101111010010110111110000001011111 4.650461
01110010101011111010010000111000100100110110011111 2.960901
11010000010110101011011010101000010100101000100111 6.409283
10110010100110001111010101011010110111011101100001 3.390846
01111010000011101011001111000001101010111010100101 5.517571

TAMANHO: 51
111010001111011011000100111001110011100000110001111 5.357849
110110111001111010111000001010110001101100010011010 8.529863
100100101100110101010101011111100101000001001110001 7.658700
110111010001011111100010000011001010111110001010101 6.174067
110110111110111110000010100011111010100011111010000 8.238954
010101010000101001101101100110011111101111111111101 2.508514
100011101101011101011010010101111111100101011100010 4.602202
011000110001101011011101101100100011111100001101100 8.386185
011010001010110100110111001100000100101110100010100 10.924214
001101000111011001001010011010101000110001101111011 2.706415
101101111011011011110000011011111001000011000110010 8.075488
001101111000110100101100110110101111001010001010110 6.174212
110000110110001101111011010010000010001011001000000 11.972060
011101111011100011011001011001010100100101111100101 5.820011
001011110001100101110111111010001110100000101110001 10.457680
001010010111001101010101000100111000010001000000100 10.823754
000110000100101010100110011110100110011000001100100 7.720977
001110010001111111101100110001111000100011011000110 10.252184
100101001010011001010011000000101001101101011001000 9.045647
100000001101110101110011111011101101010001011010011 6.544662

TAMANHO: 52
1001001100000000001010000010110000011010110111110101 1.624750
1000101011110001011011000000100101011010011000110110 7.216400
0001010111010110011100001011100101101001110001011011 5.211546
0010101101001101000101000010001111110011110000010000 7.303721
1001101011100000000111001101110111111010110010011100 5.012529
1110011110000000001111010100111101011010001011101101 5.904958
0010110101010011110101111110000011000111111010100010 15.169434
0101111100100011001011100101001000000010110111011000 12.983016
1010001100010101011001000001110001100001001011000011 7.665769
0000001100011111010001111000010101011001010010011110 12.280014
0000100100011011000111110011011011111010010101010011 6.354423
0010001110101111101011001010011110011000011000101110 11.310977
1100101010101110010010010100000011111111001100000111 8.175865
0011111110111011000010011011111010101001110110110010 7.096610
0100011110110111001111011000001001001011010101110111 11.474988
0000001110110111010101001011011010110010011100011010 8.591449
1001101110010111000100000011110000100100100011110011 4.817490
0111000110001110001101000100111011111010110010000100 8.318182
0011101000001000011110110001100111101000000011000000 11.413952
0111011111100110111111101001111010011100001011000010 16.274841

TAMANHO: 53
11010000000011010000000100100110100110011001110001001 10.991725
10100111010000101010010110001011000011010101001001010 17.716434
11011101100010111111101000110010001111010100100110000 21.728502
10001000110011101001101100111011110001001011000010001 18.053905
01110101100011100001110101110101100001101010111100100 14.606722
11010111111100110111000110001110110110011111000000011 17.025575
11000000111001001010000110100100001011000010000110010 18.723755
00001010001011110111101000100110001011011101111010111 6.416446
11010011010010010000011001111011000011101000001101111 6.363363
01010100110000111100101101110110000001111001011100011 14.046190
10000001110101100110110111100010000001011110001001110 22.708484
00011100001001001011100011001000111100010110100110001 16.582980
01100100110101101110111001010010101100100100100110111 17.047963
10001011101101101001010001111100100000011110001110001 15.387427
01100000111110100111100010011100011110010110011010101 11.013690
10001011110011001111001000101001000011010110001110000 19.558827
01011101111111101001101011001110001000000000000110111 26.856385
01110010100000101100000111010101011001101111110001000 11.375133
10100100001111101010001001001100100100000000101000001 21.381462
10101111100000111100000111001011000010001000101110100 21.346802

TAMANHO: 54
101111110000101000100100001111101100011001000111000111 8.633394
100000001000111111100101000001001100101010110010010010 22.416977
010110000001010010100110001110001100000011010001011010 17.924821
111011100110001100101010100110000100111011001011110001 12.441820
001101110010101101000011100110111110010111001111101111 6.428207
100100011001111101101100101010000011010111001110001100 28.709546
001001101010110010100000100011011101000101000011011101 9.166868
010000110000011101111010010110010000000000100010101111 26.176119
011011111110000011001111111000001001011001000001011011 33.787659
000101101010110011000111110010010100010110010010011111 23.094511
101001011001101101000110000111101101000100101010100001 16.979858
001111110001100111010010001010100101000000101001001101 24.354536
010111101011100101011001111110100010011010110111111111 17.515748
110100100000100000110110100111000010100011100100010001 18.086543
110110001000101101111111011100000000001110010000111000 36.092993
111010111101010110100010111101010100100111100011100001 26.603383
011000100110101011111000000100111101111111011101111100 4.336412
001110100000000011000011101011111111101110110011101100 4.068326
001111110101010101001011101000001010100000000010001010 33.181952
001110111100010101110010001101110110000101111101011001 12.425788

TAMANHO: 55
1010111000111001000111111000010111001110100000100100010 51.002997
0010101110110111110100000101100010001100111010110110111 15.696106
0000001101110100010000001001000001100000011110000001010 39.530638
1111110101101000011011111101000100100111110101011011101 23.099141
1111100011110011101101000011011000010011010111001110101 24.111169
1011011110100001001101110010110010010111010111001001011 24.640739
0110011011100110111100010000111011011110100111110110001 11.840384
1010101010110101111011111100010110010111011110011100110 27.474962
0010000111000110001101111100100000011001000101111011010 40.750694
0010100110111111110111111011011111000000100101101010101 41.323731
1101011110111010001010001110000011010011010000000101111 43.609654
1111100101100111010010110100001000011110111000010100000 50.666262
0101000111011011000110011011101000111011101110110100010 24.603918
1001011110110000100001010001010111001110101000111100001 17.692523
0001101011011111111110110001101011010000100000011100000 57.547444
0100000011101010100100100010001110111001100100010101100 30.024421
1110000000110000000100100011110011100010001110110000010 30.106149
0011000111110011000011100101100010101010011111111111111 6.683932
1000110000011110010000001011000111101101111110010011011 5.267842
1101001001000110110010111110010000110111000010011011010 45.939097

TAMANHO: 56
01101101100100100011001111011001000010001111100101101010 53.002701
00100000000011001110001101101001001001100010000100101110 47.071933
11101111100101010000011011100001000111111110010000101000 51.977710
10100000000111000011110100110100110001110110010101001101 40.221825
01100100100110110101101101100111110011001000000010111011 52.236302
00110010010100100110011000111011011011000100100000110001 48.592872
01100101010111110001110110110101011100001111110011111001 39.758146
10000111100101001100011011100001000011110001101100000100 60.390874
01100110000010101111000011100101111101011010101100110011 22.871655
10001101110000011100111001011001110111101101011101011111 21.643256
00011011111100111101001000010001000111000001011011011110 40.435459
00100110000001000001010101111110000100101100000101100011 42.044177
10110100000011101111010100111111011001111000001100011001 50.395646
10000010010110001001101101011111000100010011111000100100 50.450741
01100011001001111010110000101001000010001111101110110101 25.788446
00010000101000101000111110110110100100111000100100100001 68.418712
00111011001000001111001000101011110011101001011011011000 19.373320
10001001001001000000011001010101110001000111100111010000 31.278414
11011110110111000110011001101110101101001011111101000000 44.622228
11001010100110100010001000100000100101110010101000110010 36.945741

TAMANHO: 57
000001000100111101100101010101001100011001000011100111000 91.732743
010000101001000111111001101100111011110010100111010101000 76.252515
011110000100000001111011100100101111111100101111100111111 19.232074
011111101100101001101111001101001101110100011101010111001 60.322283
011001110110010101100111010000000001100001101011001000101 98.657434
111011001101011110001100010001101110100010000001101101010 74.854912
010010110111000000111111101111011110111111111100000001110 44.907874
111011111110011111111001001011011001010101100111111111110 35.744885
010011010101011000101111100011101000010000011010101100110 82.495956
110110101101101010011001001011101110000111011000001001101 60.341657
011101011011001111010110011001110000100110001110010110001 95.164309
111100001111010010111110111100001111111100011111110001001 52.850331
100111000100011010011111100001000011111000100111001001101 67.603102
110000010011110011101111010001111111111101111001010100110 32.104988
010011001000010110110001011001100100111101001111100000101 50.018542
000101110100111011001110110001010101111100100010000110111 68.673794
000111100001100100001011001011111010101110110101000001001 43.242843
001111010100011100001001011000000100010000101100000011110 92.086728
101110010100110110101101111101111000110001111000011010110 80.409822
110100011000010000011101110000110111111111001110111001011 11.571372