 0.000008 0.000008 0.000004 0.000010 0.000011 0.000009 0.000011 0.000010 0.000004 0.000010 0.000007 0.000003 0.000001 0.000001 0.000010 0.000019 0.000004 0.000005 0.000002 0.000002
 0.000003 0.000015 0.000002 0.000020 0.000010 0.000009 0.000011 0.000006 0.000017 0.000010 0.000007 0.000016 0.000014 0.000010 0.000018 0.000017 0.000024 0.000019 0.000017 0.000002
 0.000026 0.000015 0.000044 0.000037 0.000017 0.000005 0.000022 0.000002 0.000040 0.000011 0.000015 0.000034 0.000035 0.000018 0.000013 0.000002 0.000019 0.000007 0.000040 0.000035
 0.000046 0.000051 0.000045 0.000037 0.000054 0.000083 0.000038 0.000026 0.000039 0.000071 0.000023 0.000055 0.000002 0.000058 0.000030 0.000011 0.000043 0.000042 0.000067 0.000076
 0.000157 0.000046 0.000046 0.000068 0.000163 0.000070 0.000166 0.000108 0.000069 0.000032 0.000010 0.000037 0.000023 0.000006 0.000118 0.000045 0.000148 0.000075 0.000059 0.000066
 0.000264 0.000233 0.000156 0.000224 0.000257 0.000111 0.000083 0.000190 0.000003 0.000226 0.000198 0.000070 0.000210 0.000047 0.000300 0.000236 0.000013 0.000083 0.000292 0.000309
 0.000413 0.000288 0.000058 0.000029 0.000073 0.000590 0.000140 0.000535 0.000593 0.000264 0.000007 0.000076 0.000216 0.000582 0.000420 0.000646 0.000515 0.000652 0.000329 0.000396
 0.001357 0.001117 0.000242 0.000529 0.000463 0.000678 0.000502 0.001059 0.000738 0.000114 0.001205 0.000348 0.000525 0.000636 0.000779 0.000092 0.000769 0.001139 0.001250 0.000753
 0.000735 0.001919 0.001304 0.001438 0.001341 0.002212 0.001188 0.002243 0.002649 0.000137 0.002625 0.002664 0.002186 0.002757 0.000452 0.002537 0.001388 0.000459 0.002182 0.001706
 0.003216 0.002138 0.002254 0.001850 0.005051 0.003655 0.002280 0.001682 0.001562 0.004554 0.002258 0.000890 0.004148 0.000214 0.002472 0.004343 0.003639 0.005698 0.001876 0.005009
 0.008465 0.000073 0.006797 0.004960 0.007063 0.001376 0.009259 0.005275 0.008912 0.009393 0.012684 0.006837 0.006425 0.004922 0.008335 0.009992 0.004933 0.007500 0.010508 0.000233
 0.013862 0.001479 0.013473 0.004431 0.011919 0.019151 0.015015 0.003141 0.011767 0.014009 0.019587 0.019097 0.005336 0.015254 0.021048 0.007890 0.009221 0.000075 0.014848 0.002579
 0.023575 0.019634 0.026044 0.000577 0.015963 0.008772 0.038727 0.039764 0.041025 0.039415 0.041309 0.011161 0.022342 0.020328 0.027675 0.028346 0.035130 0.005789 0.000507 0.002111
 0.044716 0.026419 0.054891 0.000652 0.031520 0.083605 0.078306 0.007627 0.044147 0.015554 0.083457 0.025209 0.043446 0.033637 0.083298 0.027948 0.051551 0.023062 0.041508 0.034446
 0.112328 0.174734 0.044956 0.014279 0.001540 0.018470 0.085836 0.140816 0.035696 0.155430 0.012645 0.074457 0.096553 0.019559 0.087956 0.164795 0.067796 0.040879 0.118237 0.084178
 0.123516 0.140992 0.046520 0.189193 0.300668 0.224086 0.112334 0.169389 0.147852 0.168382 0.251493 0.010860 0.214149 0.007840 0.133719 0.046534 0.097772 0.123482 0.040314 0.225472
 0.463209 0.359414 0.709409 0.295080 0.015104 0.709569 0.310649 0.696360 0.182281 0.729738 0.259697 0.565521 0.084565 0.616889 0.028147 0.203516 0.303348 0.706506 0.595315 0.149939
 1.331664 0.452017 0.646246 0.360109 0.828164 0.954094 0.662850 0.983240 1.275668 1.066564 0.412728 1.287712 1.440760 0.285828 0.396811 0.090529 0.351188 1.003307 0.556124 0.550819
 0.692064 2.273472 1.681626 0.876515 2.852003 0.304754 0.825265 3.004024 1.076051 0.680989 1.205028 1.103250 0.930510 2.450610 0.404815 1.630408 1.561461 2.754574 0.369159 1.917354
 2.770650 0.838516 1.909633 1.186825 0.180982 4.411212 1.185288 0.130547 0.848238 5.241030 5.063886 3.632098 4.865074 1.189495 2.318420 4.051044 5.787052 2.899039 0.678228 4.845113
 5.568171 6.940333 3.527400 10.570210 1.529550 7.498190 9.594262 11.055437 10.894997 10.816276 2.552525 9.187348 9.038371 3.532307 8.599945 3.230190 8.043841 9.347854 10.047663 6.392531
 0.333210 12.007570 2.543160 0.089512 20.709601 5.494339 22.290137 4.274013 19.995020 20.293934 3.089842 13.837677 6.219771 10.433106 5.251914 3.962123 4.734127 2.996915 1.148986 0.962469
 5.365320 25.473705 6.616645 10.865744 45.884571 5.272139 2.017828 13.357984 25.186976 21.077932 38.729972 31.835199 0.960674 23.058729 34.101162 44.129860 22.094872 21.526076 24.502090 40.182497

