 0.000001 0.000001 0.000003 0.000001 0.000001 0.000002 0.000001 0.000002 0.000002 0.000001 0.000003 0.000001 0.000002 0.000001 0.000002 0.000001 0.000001 0.000001 0.000002 0.000001
 0.000002 0.000001 0.000001 0.000002 0.000002 0.000002 0.000003 0.000004 0.000002 0.000002 0.000002 0.000001 0.000002 0.000003 0.000001 0.000004 0.000002 0.000002 0.000002 0.000004
 0.000001 0.000002 0.000002 0.000003 0.000003 0.000004 0.000005 0.000004 0.000004 0.000001 0.000002 0.000005 0.000005 0.000003 0.000005 0.000006 0.000005 0.000004 0.000004 0.000001
 0.000004 0.000002 0.000002 0.000001 0.000001 0.000002 0.000004 0.000002 0.000002 0.000004 0.000002 0.000002 0.000004 0.000001 0.000002 0.000006 0.000015 0.000001 0.000002 0.000004
 0.000009 0.000021 0.000008 0.000008 0.000002 0.000014 0.000018 0.000008 0.000006 0.000007 0.000024 0.000015 0.000014 0.000007 0.000017 0.000002 0.000011 0.000013 0.000004 0.000008
 0.000025 0.000015 0.000014 0.000014 0.000011 0.000006 0.000005 0.000007 0.000024 0.000005 0.000006 0.000019 0.000015 0.000009 0.000005 0.000013 0.000033 0.000005 0.000018 0.000004
 0.000023 0.000018 0.000016 0.000030 0.000005 0.000002 0.000010 0.000007 0.000021 0.000007 0.000016 0.000024 0.000021 0.000013 0.000005 0.000004 0.000002 0.000003 0.000020 0.000029
 0.000036 0.000044 0.000015 0.000027 0.000002 0.000009 0.000002 0.000027 0.000024 0.000024 0.000023 0.000054 0.000005 0.000003 0.000015 0.000022 0.000008 0.000013 0.000015 0.000041
 0.000088 0.000096 0.000052 0.000001 0.000001 0.000021 0.000034 0.000024 0.000001 0.000075 0.000038 0.000054 0.000063 0.000013 0.000026 0.000017 0.000001 0.000058 0.000054 0.000035
 0.000172 0.000069 0.000142 0.000030 0.000168 0.000021 0.000067 0.000048 0.000038 0.000034 0.000108 0.000112 0.000011 0.000031 0.000062 0.000050 0.000015 0.000029 0.000134 0.000086
 0.000140 0.000330 0.000404 0.000177 0.000124 0.000144 0.000125 0.000301 0.000002 0.000332 0.000356 0.000056 0.000035 0.000189 0.000147 0.000024 0.000030 0.000197 0.000259 0.000262
 0.000470 0.000296 0.000005 0.000147 0.000085 0.000380 0.000246 0.000243 0.000072 0.000914 0.000271 0.000556 0.000282 0.000944 0.000059 0.000696 0.000283 0.000271 0.000281 0.001005
 0.000455 0.000194 0.000153 0.000245 0.000342 0.000538 0.000037 0.000154 0.000423 0.000321 0.000121 0.000250 0.000309 0.000259 0.000314 0.000211 0.000324 0.000010 0.000336 0.000428
 0.004076 0.002665 0.000081 0.000863 0.000730 0.000680 0.001124 0.002186 0.000166 0.003087 0.003357 0.001320 0.002374 0.004549 0.000431 0.002081 0.000061 0.000087 0.002924 0.000322
 0.000965 0.003069 0.002896 0.003096 0.001809 0.000172 0.001581 0.002589 0.002175 0.001098 0.002062 0.001130 0.000089 0.000864 0.001822 0.001008 0.005984 0.001197 0.000230 0.003836
 0.002204 0.002283 0.002331 0.010745 0.005545 0.003192 0.003865 0.007731 0.006805 0.006050 0.009375 0.003744 0.004072 0.001639 0.007590 0.002221 0.005965 0.005290 0.001093 0.000520
 0.001482 0.005238 0.000981 0.002317 0.001078 0.001013 0.003166 0.007237 0.002888 0.000276 0.004440 0.005455 0.000136 0.001353 0.001161 0.008663 0.011200 0.002981 0.002072 0.001519
 0.037651 0.006512 0.080130 0.042775 0.032797 0.011216 0.005376 0.045840 0.003272 0.024117 0.063518 0.074307 0.024220 0.050378 0.059277 0.009790 0.006883 0.011363 0.025094 0.056789
 0.003415 0.006890 0.025094 0.024133 0.003667 0.018279 0.029732 0.035846 0.011206 0.004820 0.009341 0.000272 0.021822 0.001349 0.001224 0.006574 0.019707 0.023422 0.016554 0.013147
 0.081858 0.007246 0.098902 0.023889 0.062345 0.170919 0.098625 0.024672 0.129221 0.038972 0.000150 0.078514 0.031725 0.181677 0.066727 0.053547 0.029063 0.025543 0.034031 0.038450
 0.023251 0.023575 0.107877 0.095839 0.122126 0.166871 0.084633 0.000635 0.181596 0.152973 0.001460 0.000821 0.025497 0.199461 0.182010 0.133357 0.081726 0.093616 0.003251 0.030450
 0.174741 0.169298 0.023430 0.235900 0.116066 0.153471 0.202113 0.017538 0.060372 0.028269 0.060774 0.180249 0.026372 0.288508 0.087532 0.091511 0.107176 0.073932 0.153087 0.021857
 0.485149 0.877203 0.931852 0.452852 0.766237 0.503584 0.364855 0.243297 0.711322 1.009433 1.153360 0.200495 0.267683 0.034957 0.655457 0.580106 0.947890 0.109004 0.293987 0.274592