 0.000002 0.000002 0.000003 0.000002 0.000003 0.000003 0.000002 0.000003 0.000003 0.000002 0.000003 0.000002 0.000003 0.000003 0.000002 0.000002 0.000002 0.000002 0.000003 0.000002
 0.000003 0.000003 0.000002 0.000002 0.000003 0.000003 0.000002 0.000003 0.000003 0.000003 0.000003 0.000003 0.000002 0.000003 0.000002 0.000003 0.000003 0.000003 0.000003 0.000003
 0.000003 0.000003 0.000003 0.000003 0.000002 0.000003 0.000004 0.000004 0.000003 0.000002 0.000002 0.000003 0.000003 0.000003 0.000003 0.000004 0.000003 0.000003 0.000003 0.000002
 0.000004 0.000003 0.000003 0.000002 0.000004 0.000002 0.000003 0.000003 0.000003 0.000003 0.000003 0.000003 0.000004 0.000002 0.000003 0.000004 0.000004 0.000003 0.000003 0.000003
 0.000005 0.000005 0.000003 0.000004 0.000003 0.000004 0.000003 0.000004 0.000004 0.000003 0.000004 0.000003 0.000004 0.000004 0.000003 0.000003 0.000004 0.000004 0.000003 0.000004
 0.000007 0.000006 0.000003 0.000006 0.000005 0.000028 0.000003 0.000004 0.000006 0.000004 0.000003 0.000005 0.000003 0.000005 0.000005 0.000005 0.000007 0.000003 0.000003 0.000004
 0.000006 0.000005 0.000006 0.000010 0.000006 0.000007 0.000008 0.000005 0.000145 0.000005 0.000007 0.000006 0.000005 0.000006 0.000003 0.000004 0.000004 0.000003 0.000005 0.000005
 0.000006 0.000009 0.000006 0.000009 0.000006 0.000010 0.000003 0.000008 0.000006 0.000008 0.000007 0.000010 0.000006 0.000005 0.000005 0.000007 0.000004 0.000006 0.000004 0.000005
 0.000012 0.000012 0.000004 0.000004 0.000005 0.000004 0.000006 0.000008 0.000003 0.000010 0.000008 0.000014 0.000011 0.000006 0.000012 0.000003 0.000003 0.000010 0.000011 0.000011
 0.000017 0.000009 0.000010 0.000011 0.000014 0.000011 0.000015 0.000012 0.000012 0.000011 0.000015 0.000013 0.000010 0.000008 0.000013 0.000012 0.000012 0.000013 0.000016 0.000005
 0.000010 0.000022 0.000016 0.000016 0.000008 0.000010 0.000006 0.000005 0.000010 0.000018 0.000019 0.000015 0.000021 0.000009 0.000008 0.000010 0.000009 0.000014 0.000004 0.000021
 0.000035 0.000029 0.000010 0.000010 0.000009 0.000028 0.000036 0.000018 0.000036 0.000012 0.000017 0.000008 0.000007 0.000036 0.000006 0.000015 0.000019 0.000037 0.000019 0.000031
 0.000020 0.000008 0.000025 0.000031 0.000018 0.000035 0.000009 0.000016 0.000032 0.000015 0.000021 0.000019 0.000007 0.000011 0.000020 0.000032 0.000016 0.000026 0.000030 0.000029
 0.000047 0.000037 0.000027 0.000037 0.000018 0.000006 0.000045 0.000026 0.000014 0.000049 0.000021 0.000049 0.000062 0.000060 0.000042 0.000021 0.000009 0.000161 0.000058 0.000029
 0.000038 0.000057 0.000092 0.000050 0.000074 0.000070 0.000043 0.000090 0.000044 0.000055 0.000102 0.000016 0.000033 0.000042 0.000053 0.000030 0.000089 0.000020 0.000020 0.000015
 0.000070 0.000120 0.000129 0.000117 0.000070 0.000149 0.000065 0.000068 0.000089 0.000127 0.000113 0.000045 0.000093 0.000094 0.000126 0.000063 0.000096 0.000038 0.000076 0.000102
 0.000043 0.000106 0.000023 0.000032 0.000064 0.000044 0.000057 0.000060 0.000066 0.000104 0.000067 0.000045 0.000043 0.000032 0.000046 0.000108 0.000139 0.000102 0.000237 0.000044
 0.000080 0.000035 0.000079 0.000176 0.000051 0.000096 0.000020 0.000139 0.000073 0.000068 0.000112 0.000108 0.000058 0.000110 0.000070 0.000139 0.000076 0.000076 0.000077 0.000179
 0.000101 0.000135 0.000103 0.000112 0.000036 0.000056 0.000071 0.000034 0.000048 0.000057 0.000126 0.000028 0.000136 0.000033 0.000152 0.000050 0.000055 0.000048 0.000039 0.000106
 0.000049 0.000078 0.000144 0.000125 0.000140 0.000169 0.000127 0.000114 0.000143 0.000113 0.000052 0.000067 0.000027 0.000081 0.000052 0.000149 0.000068 0.000034 0.000051 0.000152
 0.000126 0.000087 0.000221 0.000072 0.000156 0.000156 0.000075 0.000021 0.000172 0.000142 0.000148 0.000029 0.000034 0.000016 0.000119 0.000126 0.000088 0.000037 0.000046 0.000038
 0.000151 0.000160 0.000040 0.000386 0.000088 0.000082 0.000191 0.000081 0.000186 0.000046 0.000199 0.000069 0.000181 0.000186 0.000050 0.000104 0.000284 0.000207 0.000068 0.000094
 0.000367 0.000081 0.000331 0.000172 0.000030 0.000053 0.000138 0.000127 0.000235 0.000080 0.000134 0.000088 0.000237 0.000290 0.000244 0.000223 0.000208 0.000229 0.000170 0.000050
 0.000328 0.000227 0.000356 0.000158 0.000241 0.000238 0.000282 0.000241 0.000260 0.000116 0.000036 0.000286 0.000329 0.000143 0.000283 0.000338 0.000458 0.000166 0.000293 0.000371
 0.000172 0.000284 0.000248 0.000429 0.000330 0.000358 0.000535 0.000065 0.000266 0.000055 0.000333 0.000288 0.000033 0.000481 0.000424 0.000092 0.000466 0.000181 0.000749 0.000051
 0.000534 0.000464 0.000289 0.000565 0.000325 0.000253 0.000515 0.000573 0.000274 0.000756 0.000562 0.000642 0.000495 0.000473 0.000814 0.000074 0.000277 0.000313 0.000267 0.000121
 0.001052 0.000553 0.000950 0.001113 0.000136 0.001055 0.000187 0.000277 0.000798 0.000199 0.001200 0.000625 0.000774 0.001284 0.001221 0.000397 0.000921 0.000468 0.000252 0.001154
 0.001589 0.000295 0.001973 0.000588 0.001032 0.001111 0.001304 0.001524 0.001110 0.002059 0.000532 0.001025 0.000962 0.001546 0.001393 0.001155 0.001323 0.001219 0.000316 0.001140
 0.002021 0.002470 0.001609 0.000962 0.002514 0.001344 0.000355 0.000900 0.001819 0.001536 0.000800 0.000085 0.000573 0.000971 0.001721 0.001558 0.000772 0.000707 0.001576 0.001400
 0.003318 0.002294 0.004499 0.003376 0.003535 0.002801 0.001881 0.002139 0.003331 0.002184 0.003757 0.004737 0.003270 0.003962 0.002197 0.001961 0.002806 0.002188 0.000493 0.003458
 0.003138 0.005297 0.000518 0.003282 0.003374 0.002005 0.001474 0.001099 0.003912 0.003075 0.004286 0.004906 0.003384 0.004627 0.003310 0.004180 0.005839 0.004648 0.004960 0.002122
 0.002333 0.007982 0.006781 0.001270 0.008014 0.002261 0.006346 0.003017 0.009129 0.002996 0.001984 0.009807 0.002483 0.000815 0.003586 0.001951 0.001271 0.003327 0.007544 0.009890
 0.008282 0.007729 0.007935 0.006483 0.004416 0.001406 0.006449 0.008857 0.002128 0.001296 0.014554 0.004908 0.006212 0.006260 0.004446 0.007627 0.006165 0.006152 0.006310 0.003829
 0.002633 0.011006 0.009501 0.015019 0.006496 0.006446 0.013038 0.013466 0.000556 0.002892 0.005745 0.011082 0.004496 0.009110 0.009135 0.013844 0.002549 0.009524 0.008708 0.009523
 0.005853 0.021866 0.015933 0.025184 0.008326 0.019072 0.013461 0.024145 0.019460 0.017586 0.002338 0.012392 0.012942 0.007500 0.009264 0.001235 0.027210 0.018114 0.015893 0.010082
 0.002715 0.014998 0.012762 0.027583 0.027758 0.015816 0.015194 0.026987 0.015447 0.022601 0.024425 0.025650 0.013539 0.012501 0.005648 0.014751 0.010228 0.040565 0.022809 0.012274
 0.017480 0.008209 0.034461 0.030969 0.027462 0.039448 0.020264 0.011804 0.011894 0.028857 0.007985 0.025147 0.010656 0.010510 0.007449 0.039774 0.043357 0.035728 0.017796 0.023246
 0.035645 0.066344 0.091468 0.008557 0.057005 0.034862 0.069251 0.044941 0.047926 0.022440 0.006305 0.041108 0.035027 0.017827 0.011798 0.030244 0.045615 0.006618 0.024635 0.023911
 0.025906 0.022891 0.058344 0.023732 0.041917 0.014487 0.078734 0.057674 0.016418 0.057959 0.079227 0.047414 0.045203 0.030238 0.024943 0.046081 0.044855 0.039351 0.033472 0.017180
 0.113865 0.007667 0.039118 0.020808 0.036963 0.066143 0.063252 0.049097 0.051140 0.106452 0.084082 0.159005 0.060685 0.070401 0.077638 0.078486 0.063302 0.061946 0.033752 0.077733
 0.082470 0.174743 0.086859 0.080753 0.073447 0.083117 0.021789 0.134331 0.103262 0.127895 0.114861 0.030459 0.174535 0.154211 0.111527 0.058368 0.071260 0.164450 0.149953 0.041683
 0.253528 0.225403 0.069035 0.040684 0.124562 0.169448 0.222521 0.060889 0.121614 0.243425 0.184511 0.249747 0.136711 0.139601 0.114243 0.106183 0.218385 0.104513 0.183917 0.187643
 0.188864 0.245911 0.239118 0.183240 0.034462 0.233033 0.056279 0.081217 0.221639 0.076322 0.187091 0.205511 0.145745 0.071992 0.211913 0.238671 0.135891 0.136923 0.182495 0.269953
 0.536847 0.222787 0.454921 0.401404 0.148323 0.378276 0.052435 0.319278 0.039456 0.293512 0.177736 0.592417 0.278104 0.292791 0.193863 0.540096 0.504887 0.291222 0.202271 0.323304
 0.606789 0.174584 0.202447 0.336085 0.175233 0.461716 0.415989 0.116831 0.792478 0.074907 0.575023 0.153778 0.444383 0.510496 0.269104 0.288688 0.315277 0.210896 0.126773 0.477493
 0.244462 0.384063 0.330658 1.049916 0.646441 0.418073 0.351104 0.714436 0.162094 0.621085 0.667142 0.820330 0.273195 1.135720 0.594881 1.030371 0.711099 0.712855 0.523804 0.517443
 1.174000 1.194106 1.217387 0.928514 1.175614 0.780011 0.684612 0.931682 0.389177 1.114661 0.852675 0.800765 1.031311 0.636404 1.239027 0.471659 0.995500 0.842724 0.756340 0.373011
 0.832162 1.578799 1.494106 1.520531 1.081343 0.303889 1.682595 0.947098 0.396274 1.532142 2.392026 0.988048 2.283423 0.597395 0.980622 0.799946 1.439264 1.749701 1.279706 1.454868

