 0.000002 0.000001 0.000003 0.000001 0.000002 0.000002 0.000001 0.000001 0.000002 0.000001 0.000002 0.000001 0.000002 0.000002 0.000001 0.000001 0.000002 0.000002 0.000002 0.000001
 0.000003 0.000003 0.000002 0.000002 0.000002 0.000002 0.000001 0.000003 0.000002 0.000002 0.000002 0.000002 0.000001 0.000002 0.000001 0.000002 0.000002 0.000002 0.000002 0.000003
 0.000003 0.000004 0.000002 0.000003 0.000002 0.000004 0.000005 0.000004 0.000002 0.000001 0.000002 0.000003 0.000003 0.000003 0.000002 0.000004 0.000003 0.000003 0.000003 0.000002
 0.000006 0.000003 0.000006 0.000002 0.000005 0.000003 0.000004 0.000002 0.000003 0.000003 0.000005 0.000003 0.000005 0.000002 0.000003 0.000004 0.000005 0.000003 0.000004 0.000003
 0.000012 0.000011 0.000006 0.000009 0.000003 0.000008 0.000002 0.000006 0.000005 0.000003 0.000005 0.000005 0.000006 0.000006 0.000004 0.000003 0.000004 0.000007 0.000003 0.000007
 0.000017 0.000014 0.000006 0.000012 0.000013 0.000006 0.000003 0.000008 0.000013 0.000019 0.000004 0.000011 0.000007 0.000009 0.000010 0.000010 0.000012 0.000004 0.000003 0.000005
 0.000011 0.000006 0.000010 0.000017 0.000010 0.000009 0.000014 0.000011 0.000013 0.000009 0.000016 0.000014 0.000009 0.000012 0.000004 0.000009 0.000008 0.000007 0.000011 0.000010
 0.000010 0.000014 0.000021 0.000019 0.000014 0.000022 0.000006 0.000023 0.000012 0.000020 0.000019 0.000023 0.000018 0.000011 0.000011 0.000015 0.000008 0.000011 0.000007 0.000010
 0.000041 0.000039 0.000011 0.000024 0.000026 0.000016 0.000020 0.000025 0.000005 0.000030 0.000027 0.000038 0.000029 0.000015 0.000065 0.000004 0.000007 0.000030 0.000039 0.000038
 0.000055 0.000028 0.000039 0.000045 0.000041 0.000057 0.000043 0.000055 0.000033 0.000040 0.000042 0.000035 0.000025 0.000022 0.000062 0.000037 0.000051 0.000037 0.000058 0.000012
 0.000031 0.000076 0.000052 0.000063 0.000031 0.000041 0.000024 0.000013 0.000048 0.000057 0.000062 0.000077 0.000076 0.000031 0.000032 0.000058 0.000038 0.000047 0.000007 0.000068
 0.000119 0.000105 0.000028 0.000044 0.000042 0.000105 0.000102 0.000078 0.000088 0.000042 0.000048 0.000045 0.000033 0.000128 0.000023 0.000074 0.000088 0.000137 0.000079 0.000095
 0.000089 0.000028 0.000107 0.000152 0.000088 0.000153 0.000084 0.000103 0.000158 0.000083 0.000102 0.000102 0.000047 0.000045 0.000098 0.000204 0.000089 0.000151 0.000143 0.000134
 0.000201 0.000136 0.000192 0.000233 0.000081 0.000018 0.000214 0.000097 0.000074 0.000197 0.000075 0.000189 0.000286 0.000231 0.000167 0.000090 0.000031 0.000119 0.000275 0.000201
 0.000246 0.000302 0.000438 0.000250 0.000353 0.000340 0.000193 0.000361 0.000211 0.000292 0.000415 0.000118 0.000248 0.000205 0.000169 0.000217 0.000319 0.000128 0.000106 0.000070
 0.000343 0.000519 0.000593 0.000412 0.000263 0.000380 0.000231 0.000297 0.000338 0.000542 0.000458 0.000297 0.000452 0.000359 0.000470 0.000290 0.000491 0.000304 0.000425 0.000348
 0.000353 0.000711 0.000147 0.000069 0.000569 0.000286 0.000396 0.000459 0.000701 0.000633 0.000549 0.000409 0.000586 0.000376 0.000472 0.000728 0.000790 0.000516 0.000637 0.000364
 0.000741 0.000509 0.000619 0.001390 0.000350 0.000714 0.000373 0.001492 0.000774 0.000477 0.000780 0.001055 0.000906 0.000987 0.000684 0.001208 0.000942 0.000985 0.000612 0.001356
 0.001221 0.001398 0.000990 0.001203 0.000536 0.000542 0.000715 0.000336 0.000691 0.000879 0.001495 0.000765 0.001305 0.000439 0.001395 0.000801 0.000580 0.000437 0.000750 0.001715
 0.000980 0.001187 0.001572 0.001865 0.001559 0.001958 0.001768 0.002089 0.001560 0.001767 0.001676 0.000740 0.000271 0.000855 0.001304 0.002154 0.000994 0.000491 0.001142 0.002051
 0.002248 0.002166 0.004309 0.001955 0.002717 0.002864 0.002086 0.000456 0.003108 0.002964 0.002823 0.000634 0.001491 0.000582 0.002175 0.002625 0.001944 0.000954 0.001253 0.001813
 0.003303 0.003249 0.001755 0.005673 0.002940 0.001502 0.005073 0.004211 0.005630 0.001343 0.005538 0.002373 0.005278 0.004145 0.001059 0.002171 0.005822 0.004067 0.001355 0.004770
 0.007796 0.002657 0.007253 0.004941 0.001664 0.001463 0.004724 0.004642 0.004640 0.001598 0.003169 0.002279 0.006368 0.007008 0.005424 0.005547 0.005075 0.004556 0.005093 0.001989
 0.010850 0.009359 0.008214 0.004005 0.005345 0.006049 0.010278 0.005366 0.006909 0.003720 0.001519 0.012928 0.008560 0.004685 0.008121 0.011226 0.011102 0.006967 0.006608 0.008663
 0.006406 0.012831 0.005874 0.015910 0.004943 0.006151 0.012883 0.002270 0.007020 0.002703 0.010244 0.008779 0.000870 0.016705 0.012588 0.003747 0.013033 0.006296 0.015295 0.001170
 0.011496 0.020768 0.010159 0.022755 0.016719 0.005346 0.010576 0.012496 0.009254 0.025321 0.015410 0.017979 0.010345 0.015770 0.019557 0.001676 0.016881 0.007910 0.008890 0.004517
 0.031489 0.012316 0.027692 0.026707 0.007951 0.035044 0.012900 0.014959 0.024063 0.006999 0.028773 0.018801 0.018007 0.040259 0.029622 0.018767 0.021798 0.019762 0.006048 0.028810
 0.036240 0.015467 0.050185 0.014651 0.025208 0.039778 0.030711 0.036400 0.034647 0.053268 0.011913 0.038067 0.050013 0.034479 0.053843 0.033663 0.051917 0.029962 0.017743 0.058020
 0.057732 0.063577 0.049350 0.045224 0.067386 0.050426 0.011364 0.032310 0.049939 0.051354 0.024679 0.003693 0.036518 0.040384 0.051024 0.063354 0.022037 0.037656 0.047029 0.048135
 0.108072 0.085079 0.130625 0.109429 0.117403 0.060697 0.089054 0.100344 0.074842 0.041253 0.071083 0.107063 0.075619 0.125520 0.051634 0.084340 0.068999 0.073921 0.019065 0.109126
 0.129815 0.142790 0.019042 0.090284 0.085331 0.068502 0.076192 0.033159 0.133466 0.114811 0.117679 0.146877 0.101713 0.150935 0.104615 0.151844 0.178519 0.127302 0.157982 0.058455
 0.099855 0.177144 0.219636 0.070386 0.171226 0.049762 0.190917 0.146847 0.211520 0.117860 0.054627 0.262454 0.120618 0.038036 0.089934 0.101736 0.082002 0.101343 0.174110 0.249087
 0.306395 0.241637 0.233102 0.174655 0.116122 0.085791 0.170021 0.285857 0.125848 0.032496 0.376050 0.175015 0.170417 0.270403 0.188011 0.211974 0.200027 0.182053 0.172498 0.175176
 0.165618 0.298220 0.260845 0.566962 0.287506 0.387580 0.371354 0.397240 0.039232 0.105415 0.262985 0.291140 0.206827 0.223879 0.245053 0.419242 0.139928 0.274889 0.263405 0.450139
 0.358285 0.600693 0.733957 0.774875 0.260525 0.650699 0.352169 0.613340 0.742057 0.564152 0.041931 0.346395 0.387809 0.375341 0.400105 0.032508 0.708225 0.509230 0.464620 0.580592
 0.143908 0.491529 0.777495 0.751192 0.880410 0.598700 0.528171 0.729806 0.711192 0.703446 0.875029 0.774164 0.540069 0.420372 0.153250 0.427525 0.262303 1.046465 0.681891 0.458877
 0.529767 0.480717 1.144662 1.118416 0.791939 1.122024 0.863461 0.504230 0.314696 0.921170 0.521550 0.877689 0.529572 0.352936 0.401240 1.506721 1.082054 1.011042 0.532941 0.933053
 1.675124 1.852873 2.344579 0.488710 1.481433 0.782071 2.190652 2.289684 1.822308 0.726644 0.359391 1.909694 1.485706 0.611405 0.863276 1.019130 1.493487 0.242098 1.571060 1.023812
 1.246217 0.951753 1.751852 1.236598 1.793654 0.768465 2.325327 1.724201 0.718118 1.939483 2.652144 1.929521 1.894147 0.890951 1.193263 1.568663 2.219240 1.271736 1.100472 1.208494
 3.931227 0.341303 1.975150 1.426972 1.904262 2.354441 3.970511 2.696831 1.694302 3.505451 4.556403 5.205483 3.216968 3.057923 2.454095 3.919720 1.973199 3.569640 1.184466 3.857013
 3.601213 6.865651 3.565794 2.905022 2.517918 4.495009 0.758199 4.656510 3.854217 7.082581 4.019646 2.778718 6.104671 5.361385 4.009801 3.141407 2.771115 6.241205 5.320688 2.119790
 8.598875 7.264421 4.629852 2.640624 10.196148 5.687927 10.603387 2.052577 4.114288 7.985769 9.087155 10.344022 7.591613 5.261348 3.954249 4.574871 9.119556 8.077566 9.178046 6.189206
 7.674275 10.800613 10.307936 12.309622 1.452981 12.949010 2.458532 4.217600 8.995852 2.950560 8.591417 8.638608 9.819464 4.693611 10.749826 9.803155 5.281629 6.856091 9.166707 11.689400
 19.422702 17.951520 18.726262 14.525571 6.875264 22.014645 4.275776 12.756752 1.993512 13.338084 11.100358 25.095457 17.961226 11.254491 9.474285 23.981348 18.891353 11.866821 10.885096 17.114131
 25.494044 15.212927 15.564133 22.463518 12.884548 19.074789 24.961600 6.426187 27.306894 3.264534 24.581578 9.470608 31.710024 19.774172 13.915380 19.391024 20.045661 7.739432 4.554569 23.903840
 9.702240 15.486698 25.461035 46.578083 37.206850 16.779442 18.089839 35.809007 12.472041 26.677821 38.509365 32.792231 10.265082 46.327693 23.302708 47.562636 26.560370 30.862128 28.917829 25.560859
 69.196965 53.480843 53.616734 69.468727 51.890763 31.562239 45.234188 45.187242 27.498006 61.637336 51.927794 37.363885 66.287115 49.093685 56.744262 20.948368 66.316892 40.968396 39.133352 32.505143
 31.107243 59.305890 77.135048 66.146392 49.760750 18.662729 64.475684 45.223861 14.617962 93.941909 95.811323 40.485537 102.320356 21.794867 40.354531 29.875469 57.113697 81.693111 48.984559 53.171705

