0.000041
0111111100 0.000003
0111011100 0.000003
1100100101 0.000001
1111011100 0.000003
1100111111 0.000001
1011010001 0.000001
1110010101 0.000002
0100001110 0.000002
1101110100 0.000002
1110000000 0.000001
1000111111 0.000001
0110010011 0.000001
0101101000 0.000002
1010111111 0.000001
1101100000 0.000002
1001011010 0.000002
0111100011 0.000001
1001100011 0.000001
0000111100 0.000002
0010000000 0.000001
0.000001
10110100110 0.000003
01000110011 0.000001
01001001001 0.000001
00011000110 0.000002
01110101011 0.000001
01010111010 0.000003
10011101110 0.000002
01101100100 0.000002
01110010000 0.000001
10011110101 0.000002
01000011110 0.000002
11101000011 0.000001
00000000110 0.000001
11100110010 0.000002
00001101110 0.000002
10110101001 0.000001
10001100000 0.000001
11010010001 0.000001
10111010011 0.000001
10001101011 0.000001
0.000001
101111001110 0.000006
100101000111 0.000001
010010011101 0.000003
110100010010 0.000004
001111000110 0.000006
010100011111 0.000001
010001111011 0.000002
100100101110 0.000005
001110000001 0.000002
000110011111 0.000001
011010000111 0.000001
101111000110 0.000006
110110000011 0.000002
001000011001 0.000002
111111000001 0.000005
000010011101 0.000002
110110111101 0.000003
000011011100 0.000006
000110110111 0.000001
100100010011 0.000001
0.000001
1001111111110 0.000002
1010001111101 0.000003
1010111111100 0.000005
1000110101100 0.000006
0001110010100 0.000006
0010111010010 0.000006
0001001001101 0.000002
0100010110000 0.000004
0001110101010 0.000007
0010000101100 0.000004
0101001000001 0.000001
0000000000110 0.000001
1101111001011 0.000002
0001111011100 0.000006
1011101101101 0.000003
0101101010100 0.000006
0100101000000 0.000001
0000010010011 0.000001
1001010101101 0.000003
0010001001001 0.000002
0.000001
11101111110001 0.000006
11000101111100 0.000010
10010001001111 0.000001
00111001110110 0.000008
01001001001011 0.000002
00000001101101 0.000003
01111000011010 0.000006
11001010010001 0.000003
01000001001000 0.000001
00101000011000 0.000003
10101011111111 0.000001
00100100101011 0.000002
01101111101110 0.000005
10010010111001 0.000005
11110000010001 0.000001
01011111000110 0.000009
11010000011011 0.000002
10001001110011 0.000003
01010100101100 0.000009
00011100001101 0.000004
0.000001
011101000010110 0.000012
111111000100100 0.000013
111100101110000 0.000020
001111101110010 0.000020
001101110011100 0.000021
001000011011101 0.000008
101001110010010 0.000013
101000111111110 0.000006
010101101010011 0.000006
000011010100110 0.000013
111000010001110 0.000010
010000000001101 0.000002
100110100000000 0.000002
011110110000000 0.000006
101101101010010 0.000016
111010011100010 0.000015
101101111111011 0.000002
100100000110110 0.000009
101111111011010 0.000013
110011100101110 0.000014
0.000001
0000000010100010 0.000002
1111000111110100 0.000023
1000000010100110 0.000006
0011101100000101 0.000003
1101110111010000 0.000011
0110101011011101 0.000008
0111000110101001 0.000007
1000011101000101 0.000005
0111110011111110 0.000005
1011111110101110 0.000010
0100001010001111 0.000001
1001111000110001 0.000004
0011111110110001 0.000012
0100011010011110 0.000008
1111111011010011 0.000005
1101000000101111 0.000001
1010101110100100 0.000009
1101000111101001 0.000010
0010010010100011 0.000002
1010001000011101 0.000005
0.000001
01101101110101010 0.000022
10110101111010100 0.000024
11000011100011111 0.000002
11110111001011101 0.000010
00100110001010011 0.000002
00000011001000101 0.000004
11101110011010001 0.000008
00000010110100001 0.000005
11000000110000001 0.000002
11110000101111110 0.000011
11001101001111011 0.000005
11001101111101011 0.000006
00001000110110011 0.000005
10100110111000011 0.000006
10110111011111100 0.000018
11000001101101000 0.000015
01111000011000001 0.000003
01110110000001101 0.000004
00110100101000010 0.000005
10000001110010100 0.000012
0.000001
000100001000000110 0.000011
000110111111110011 0.000024
101000100110000101 0.000018
001111011100101001 0.000086
111010000101011110 0.000090
001111000111000101 0.000060
110010110001101111 0.000007
000011100000001010 0.000017
010000001110010111 0.000008
000000011111111110 0.000045
010100101110101011 0.000034
110110010101110010 0.000118
000101111000001101 0.000042
100111101111001000 0.000153
011011010011011110 0.000077
100010000001011101 0.000021
100000000000010100 0.000002
111100100000011001 0.000017
010111010001101110 0.000093
111010100101101101 0.000053
0.000001
1110110001101001100 0.000267
0011110011010000011 0.000062
0001100000100101000 0.000042
0100011011010110111 0.000040
1000001100000111000 0.000089
0011000011011010001 0.000109
0111001110010001111 0.000023
0011001101001011000 0.000230
0011100100100110101 0.000106
0111011010010111000 0.000331
1010100010000100110 0.000062
1010110100110100110 0.000226
1011010011100111011 0.000077
0101001001100100011 0.000032
0101100010101000010 0.000093
0111000100001000010 0.000017
1001111000110010101 0.000132
0001111001010100110 0.000230
1100101110011100110 0.000250
0010111001000110011 0.000064
0.000001
01101000010000011011 0.000019
01100101111011110110 0.000177
00000100010101111000 0.000373
01001100110011011001 0.000217
10000011011101110011 0.000121
01011011000100111101 0.000151
01011101100110100010 0.000315
00101010010110000000 0.000063
10011001101001110100 0.000432
01111011011000110000 0.000331
11011000000000001110 0.000036
00100010111010010101 0.000165
01101101110100100011 0.000117
01011011000111001001 0.000183
11010001100101011001 0.000187
01011101111111000011 0.000134
00100110100110001010 0.000223
10001010110101011011 0.000099
00010011100000110100 0.000192
01111010101100011110 0.000282
0.000001
101101110101101111101 0.000081
001100000010011001101 0.000090
001011111010110010011 0.000146
000101110111110000110 0.000374
001111011100111011111 0.000016
110011110010010100110 0.000285
010111111001010001000 0.000278
101011000011000110111 0.000033
010011011011111000010 0.000424
001110101111001000000 0.000197
011100000101111010010 0.000398
000101110001011011101 0.000165
001111111111011101100 0.000224
011010000001100010111 0.000014
011101000101010110100 0.000402
011010000110011001010 0.000228
101100010000001100001 0.000017
001111011100000011001 0.000130
110000000011110001000 0.000149
011100010110000101010 0.000157
0.000001
0010001001101110110011 0.000756
1100010010011101001010 0.001841
1111101010001100001101 0.000806
0001001011000101101011 0.000467
1101011100111010010111 0.000364
1001000011100110100110 0.001814
0111110100000100100101 0.000422
0110000001011001001100 0.001191
0110001100110001011101 0.000901
1011011100010001010110 0.001562
1000000010000001110010 0.000276
0001111010000001101101 0.000700
0111111101100110100001 0.001672
1011111011001110101011 0.000548
0010010011100010100000 0.000698
1100011001010011010111 0.000267
1011000000000011010101 0.000195
0101110000110000111010 0.001680
0001011110100111001111 0.000209
0001101000101100010010 0.000868
0.000001
01010000000110000100110 0.000663
01000100111001011110011 0.001428
10110101110100000100001 0.000606
01111011000100101000111 0.000462
00111001100000010110101 0.001194
00010001100111101011111 0.000180
01010101011001100100100 0.003172
01110110000111001111010 0.004084
01110011011110011110110 0.002036
00000100101100110000010 0.000873
11001100010100010100001 0.000559
00100000110011001100011 0.000615
11011101110000010010001 0.001032
11011001011111110000011 0.001735
01010001110010001000111 0.000203
10111000001110101010110 0.003852
00000101011001001000010 0.000665
10000100101001011010001 0.001365
01011101110101001101001 0.002854
11111000101011000111001 0.002579
0.000002
100001000001010000100001 0.000035
010101111110010011110011 0.000967
111110010101110000011000 0.001953
001001100100000100100101 0.000196
111100101001001111010101 0.001473
001110110110000111111001 0.001625
010111000110100100101111 0.000174
011100010100100101111110 0.001747
110000110011100010101001 0.001003
110111001011011010101011 0.000859
100011001101010000111010 0.002249
110111110100101001111010 0.002666
010101111110101100110010 0.003030
010100100110111101001001 0.001790
110101011100010111010110 0.002516
100010101001001110100101 0.001050
101110001010010010101011 0.000437
001011000111111001011011 0.000707
110011011100101101001000 0.002235
010010000000011000010001 0.000028
0.000001
1000111100010110010000110 0.004841
0000110011110011000101011 0.002276
1010001110011110000101100 0.010120
0100110100001100010001110 0.004236
1110100000010011001000100 0.001390
0010111000100000010101000 0.001383
0001010011100111110110001 0.007272
1011010100100010110000000 0.001358
1101000111010011000010000 0.003007
1000011011011000110111000 0.012744
0100101110000101110011111 0.000464
0010001010110101001000110 0.005477
1001010110010001100110001 0.003817
0001010101101011000110000 0.007333
1011110110011010111000000 0.009758
0000100101011010101011100 0.011640
1011111000000010000001001 0.000125
0000110101000100100101111 0.000215
0011101111001101010001100 0.011539
1100011111100010000001101 0.001894
0.000002
11100001100101101010000001 0.002384
00000111111101111000000100 0.013141
00000101111010000101000011 0.001657
01011100011100000001001100 0.002812
00000011011101010101010000 0.011652
00011111011011111101011010 0.003936
10010111001100011110101001 0.007259
11011001001001011100101100 0.011307
01101101110100100101000110 0.007703
01011110100110011100000111 0.001626
11110110101010101000110011 0.002877
01011000101111100100100100 0.010778
01100010011100101001110010 0.010147
01001001010110001101001110 0.008496
11111001111100010101010011 0.003479
01001010101110110000110011 0.003074
00100001111110010001001000 0.007284
00101100111000111111101000 0.013059
01001100010011000110000111 0.000664
01110111010110001001111001 0.006493
0.000001
110011000101101000111010010 0.053313
111010011101000101100100101 0.024357
001110001011011001100101111 0.004459
100110100000010111110000001 0.022333
001101110110001010011011110 0.041849
011010111000010000010011110 0.029304
011010000011010000111111000 0.072119
011100001111011000100101101 0.024831
010101101110111101111000101 0.024368
110000000101000101101110110 0.048228
001000000011110110101010000 0.050717
100100101101000010110000010 0.013010
100110000000100000011001010 0.004358
000100010010010011101001100 0.046420
100001110110011010101011111 0.002337
001101000101110011111011100 0.047212
010010101000011001000010000 0.005129
000011010101001011000001101 0.011942
101001111111001110011111000 0.052515
110001010100110110000110001 0.020736
0.000002
0110000000101001111101001111 0.004421
1000100011110010110001000011 0.008950
1100111110101101101100000010 0.053893
0101010011010100101100001110 0.039558
0100000101111100101000111001 0.032430
1100010001000011010100111011 0.008610
0011011101110101011101110111 0.003442
0100010010111010101111101100 0.059713
0100011110100001101011111110 0.024439
0010111010011110001110110011 0.019346
1000001111110011101110111100 0.029371
0111011011110001100010001110 0.047194
1101000011001001000100000100 0.002376
0011111111101110000011100110 0.050756
1001001110101010111001100110 0.055638
1010111011101110100001011110 0.042784
0110011001011100000101101110 0.046954
1001101011111101111000011000 0.082057
0110101110110110001010010011 0.017907
1101111110000101110100011110 0.045653
0.000001
00100101100101101000011100011 0.021587
00110001111110000011101101000 0.117970
10011110110101110011110111000 0.101830
01000001110100010010000010110 0.021238
11100001011101000011010100111 0.010162
01011101111000101100110101100 0.112511
00110000001101011010100011001 0.035792
10001000111110001010010000001 0.011209
00000110010101010011000101110 0.066577
10111000100100111101010100111 0.015570
01011000000001111110010001101 0.034448
10011000101110100010101010101 0.036166
00000001000001001110000000001 0.000993
00100000100001010000011001010 0.010154
01111010001011101101000010111 0.011132
01111011101001110000010101001 0.036893
11100010100010010000111110010 0.072717
01010010010101000010100001011 0.002767
00100001000000101010101000000 0.006498
01100111100101001010000010001 0.011340
0.000002
100011111001111110110100110001 0.167405
110000001011101110010000110110 0.180331
101101110101111101111110011001 0.052760
000110000101110111111110001001 0.155189
110100000000101010100011001110 0.109697
001001011011100010111011010110 0.217461
101001111000111101011001011110 0.150300
010100110010001010100010101110 0.177406
000110111100110011111010110000 0.354386
010101010101011011011110110100 0.251819
110101011100101101100000110101 0.112543
101001000101111110111001101010 0.218567
010100011000100111001010100111 0.028618
110110111111001111101011011010 0.095258
111101100010110011001110011011 0.063466
100000010000111001001110110001 0.106225
110110101010011110001011010111 0.035899
111110010001011000000110001011 0.014971
110000110101110000000100010100 0.027106
001011000111001001000111110111 0.027586
0.000001
1110101110011010110101101100010 0.152593
0101100011111001111101011001000 0.185190
1110110111110011000010000100101 0.012498
1011111000100110000010100010111 0.003660
1111111010111010101011001000001 0.045654
1011101101010011110111001001101 0.072814
0111011001100110100101001110110 0.123472
0011100100111111111111011010111 0.007066
1010001011011101010000000001011 0.001702
1111000000000011001001000000100 0.002417
1000001110011010100101010101001 0.064553
0001101101101000111010001000111 0.011640
1011011101010000110000011010111 0.007516
0101011110111010100010101100111 0.022189
1010010111100010010010101000111 0.010222
1010110010101101101010110101111 0.012213
0101111011010001010010000110111 0.006852
1011100000111110000101000100000 0.018009
0110001101010111101111110011000 0.178572
1100001110101000001101001011000 0.096925
0.000002
00101111000111001101110110011110 0.269059
10011000101000110010110001000011 0.034221
10111101001101100101001011010110 0.450245
00100000111011100100001011101011 0.125048
00000111100110001110101110110100 0.628067
00101101001010001111100100011011 0.110665
01101010001110010001111010101111 0.041895
10111101110100101111011101100110 0.307649
11101110010111000011010100001110 0.339913
01101000110001000001111001011100 0.514827
11101011110011001010001101011101 0.218967
11110000100010010111010010110000 0.333493
10110100000000010010000000001100 0.001217
10010010100100111001100100110000 0.323450
10000101100001111100001111011010 0.490418
11011101110001010000111010111101 0.191426
01010100011111110011011110010001 0.348523
00001110110010011110101101010111 0.071602
01110111101101001100001001100010 0.331304
11000000011001010011011111111101 0.083945
