0.000000
0111111100 0.000000
0111011100 0.000000
1100100101 0.000000
1111011100 0.000000
1100111111 0.000000
1011010001 0.000000
1110010101 0.000000
0100001110 0.000000
1101110100 0.000000
1110000000 0.000000
1000111111 0.000000
0110010011 0.000000
0101101000 0.000000
1010111111 0.000000
1101100000 0.000000
1001011010 0.000000
0111100011 0.000000
1001100011 0.000000
0000111100 0.000000
0010000000 0.000000
0.000000
10110100110 0.000000
01000110011 0.000000
01001001001 0.000000
00011000110 0.000000
01110101011 0.000000
01010111010 0.000000
10011101110 0.000000
01101100100 0.000000
01110010000 0.000000
10011110101 0.000000
01000011110 0.000000
11101000011 0.000000
00000000110 0.000000
11100110010 0.000000
00001101110 0.000000
10110101001 0.000000
10001100000 0.000000
11010010001 0.000000
10111010011 0.000000
10001101011 0.000000
0.000000
101111001110 0.000000
100101000111 0.000000
010010011101 0.000000
110100010010 0.000000
001111000110 0.000000
010100011111 0.000000
010001111011 0.000000
100100101110 0.000000
001110000001 0.000000
000110011111 0.000000
011010000111 0.000000
101111000110 0.000000
110110000011 0.000000
001000011001 0.000000
111111000001 0.000000
000010011101 0.000000
110110111101 0.000000
000011011100 0.000000
000110110111 0.000000
100100010011 0.000000
0.000000
1001111111110 0.000000
1010001111101 0.000000
1010111111100 0.000000
1000110101100 0.000000
0001110010100 0.000000
0010111010010 0.000000
0001001001101 0.000000
0100010110000 0.000000
0001110101010 0.000000
0010000101100 0.000000
0101001000001 0.000000
0000000000110 0.000000
1101111001011 0.000000
0001111011100 0.000000
1011101101101 0.000000
0101101010100 0.000000
0100101000000 0.000000
0000010010011 0.000000
1001010101101 0.000000
0010001001001 0.000000
0.000000
11101111110001 0.000000
11000101111100 0.000000
10010001001111 0.000000
00111001110110 0.000000
01001001001011 0.000000
00000001101101 0.000000
01111000011010 0.000000
11001010010001 0.000000
01000001001000 0.000000
00101000011000 0.000000
10101011111111 0.000000
00100100101011 0.000000
01101111101110 0.000000
10010010111001 0.000000
11110000010001 0.000000
01011111000110 0.000000
11010000011011 0.000000
10001001110011 0.000000
01010100101100 0.000000
00011100001101 0.000000
0.000000
011101000010110 0.000000
111111000100100 0.000000
111100101110000 0.000000
001111101110010 0.000000
001101110011100 0.000000
001000011011101 0.000000
101001110010010 0.000000
101000111111110 0.000000
010101101010011 0.000000
000011010100110 0.000000
111000010001110 0.000000
010000000001101 0.000000
100110100000000 0.000000
011110110000000 0.000000
101101101010010 0.000000
111010011100010 0.000000
101101111111011 0.000000
100100000110110 0.000000
101111111011010 0.000000
110011100101110 0.000000
0.000000
0000000010100010 0.000000
1111000111110100 0.000000
1000000010100110 0.000000
0011101100000101 0.000000
1101110111010000 0.000000
0110101011011101 0.000000
0111000110101001 0.000000
1000011101000101 0.000000
0111110011111110 0.000000
1011111110101110 0.000000
0100001010001111 0.000000
1001111000110001 0.000000
0011111110110001 0.000000
0100011010011110 0.000000
1111111011010011 0.000000
1101000000101111 0.000000
1010101110100100 0.000000
1101000111101001 0.000000
0010010010100011 0.000000
1010001000011101 0.000000
0.000000
01101101110101010 0.000000
10110101111010100 0.000000
11000011100011111 0.000000
11110111001011101 0.000000
00100110001010011 0.000000
00000011001000101 0.000000
11101110011010001 0.000000
00000010110100001 0.000000
11000000110000001 0.000000
11110000101111110 0.000000
11001101001111011 0.000000
11001101111101011 0.000000
00001000110110011 0.000000
10100110111000011 0.000000
10110111011111100 0.000000
11000001101101000 0.000000
01111000011000001 0.000000
01110110000001101 0.000000
00110100101000010 0.000000
10000001110010100 0.000000
0.000000
000100001000000110 0.000000
000110111111110011 0.000000
101000100110000101 0.000000
001111011100101001 0.000000
111010000101011110 0.000000
001111000111000101 0.000000
110010110001101111 0.000000
000011100000001010 0.000000
010000001110010111 0.000000
000000011111111110 0.000000
010100101110101011 0.000000
110110010101110010 0.000000
000101111000001101 0.000000
100111101111001000 0.000000
011011010011011110 0.000000
100010000001011101 0.000000
100000000000010100 0.000000
111100100000011001 0.000000
010111010001101110 0.000000
111010100101101101 0.000000
0.000000
1110110001101001100 0.000000
0011110011010000011 0.000000
0001100000100101000 0.000000
0100011011010110111 0.000000
1000001100000111000 0.000000
0011000011011010001 0.000000
0111001110010001111 0.000000
0011001101001011000 0.000000
0011100100100110101 0.000000
0111011010010111000 0.000000
1010100010000100110 0.000000
1010110100110100110 0.000000
1011010011100111011 0.000000
0101001001100100011 0.000000
0101100010101000010 0.000000
0111000100001000010 0.000000
1001111000110010101 0.000000
0001111001010100110 0.000000
1100101110011100110 0.000000
0010111001000110011 0.000000
0.000000
01101000010000011011 0.000000
01100101111011110110 0.000000
00000100010101111000 0.000000
01001100110011011001 0.000000
10000011011101110011 0.000000
01011011000100111101 0.000000
01011101100110100010 0.000000
00101010010110000000 0.000000
10011001101001110100 0.000000
01111011011000110000 0.000000
11011000000000001110 0.000000
00100010111010010101 0.000000
01101101110100100011 0.000000
01011011000111001001 0.000000
11010001100101011001 0.000000
01011101111111000011 0.000000
00100110100110001010 0.000000
10001010110101011011 0.000000
00010011100000110100 0.000000
01111010101100011110 0.000000
0.000000
101101110101101111101 0.000000
001100000010011001101 0.000000
001011111010110010011 0.000000
000101110111110000110 0.000000
001111011100111011111 0.000000
110011110010010100110 0.000000
010111111001010001000 0.000000
101011000011000110111 0.000000
010011011011111000010 0.000000
001110101111001000000 0.000000
011100000101111010010 0.000000
000101110001011011101 0.000000
001111111111011101100 0.000000
011010000001100010111 0.000000
011101000101010110100 0.000000
011010000110011001010 0.000000
101100010000001100001 0.000000
001111011100000011001 0.000000
110000000011110001000 0.000000
011100010110000101010 0.000000
0.000000
0010001001101110110011 0.000000
1100010010011101001010 0.000000
1111101010001100001101 0.000000
0001001011000101101011 0.000000
1101011100111010010111 0.000000
1001000011100110100110 0.000000
0111110100000100100101 0.000000
0110000001011001001100 0.015625
0110001100110001011101 0.000000
1011011100010001010110 0.000000
1000000010000001110010 0.000000
0001111010000001101101 0.000000
0111111101100110100001 0.000000
1011111011001110101011 0.000000
0010010011100010100000 0.000000
1100011001010011010111 0.000000
1011000000000011010101 0.000000
0101110000110000111010 0.000000
0001011110100111001111 0.000000
0001101000101100010010 0.000000
0.000000
01010000000110000100110 0.000000
01000100111001011110011 0.000000
10110101110100000100001 0.000000
01111011000100101000111 0.000000
00111001100000010110101 0.000000
00010001100111101011111 0.000000
01010101011001100100100 0.000000
01110110000111001111010 0.015625
01110011011110011110110 0.000000
00000100101100110000010 0.000000
11001100010100010100001 0.000000
00100000110011001100011 0.000000
11011101110000010010001 0.000000
11011001011111110000011 0.000000
01010001110010001000111 0.000000
10111000001110101010110 0.000000
00000101011001001000010 0.000000
10000100101001011010001 0.000000
01011101110101001101001 0.000000
11111000101011000111001 0.000000
0.000000
100001000001010000100001 0.000000
010101111110010011110011 0.000000
111110010101110000011000 0.015625
001001100100000100100101 0.000000
111100101001001111010101 0.000000
001110110110000111111001 0.000000
010111000110100100101111 0.000000
011100010100100101111110 0.000000
110000110011100010101001 0.000000
110111001011011010101011 0.000000
100011001101010000111010 0.000000
110111110100101001111010 0.000000
010101111110101100110010 0.000000
010100100110111101001001 0.000000
110101011100010111010110 0.000000
100010101001001110100101 0.000000
101110001010010010101011 0.000000
001011000111111001011011 0.000000
110011011100101101001000 0.015625
010010000000011000010001 0.000000
0.000000
1000111100010110010000110 0.000000
0000110011110011000101011 0.000000
1010001110011110000101100 0.000000
0100110100001100010001110 0.000000
1110100000010011001000100 0.015625
0010111000100000010101000 0.000000
0001010011100111110110001 0.000000
1011010100100010110000000 0.000000
1101000111010011000010000 0.000000
1000011011011000110111000 0.015625
0100101110000101110011111 0.000000
0010001010110101001000110 0.000000
1001010110010001100110001 0.000000
0001010101101011000110000 0.000000
1011110110011010111000000 0.015625
0000100101011010101011100 0.000000
1011111000000010000001001 0.000000
0000110101000100100101111 0.000000
0011101111001101010001100 0.015625
1100011111100010000001101 0.000000
0.000000
11100001100101101010000001 0.000000
00000111111101111000000100 0.000000
00000101111010000101000011 0.000000
01011100011100000001001100 0.000000
00000011011101010101010000 0.000000
00011111011011111101011010 0.000000
10010111001100011110101001 0.015625
11011001001001011100101100 0.000000
01101101110100100101000110 0.015625
01011110100110011100000111 0.000000
11110110101010101000110011 0.000000
01011000101111100100100100 0.000000
01100010011100101001110010 0.015625
01001001010110001101001110 0.000000
11111001111100010101010011 0.000000
01001010101110110000110011 0.000000
00100001111110010001001000 0.015625
00101100111000111111101000 0.000000
01001100010011000110000111 0.000000
01110111010110001001111001 0.015625
0.000000
110011000101101000111010010 0.031250
111010011101000101100100101 0.015625
001110001011011001100101111 0.000000
100110100000010111110000001 0.015625
001101110110001010011011110 0.031250
011010111000010000010011110 0.015625
011010000011010000111111000 0.046875
011100001111011000100101101 0.015625
010101101110111101111000101 0.015625
110000000101000101101110110 0.031250
001000000011110110101010000 0.031250
100100101101000010110000010 0.000000
100110000000100000011001010 0.000000
000100010010010011101001100 0.031250
100001110110011010101011111 0.000000
001101000101110011111011100 0.031250
010010101000011001000010000 0.000000
000011010101001011000001101 0.015625
101001111111001110011111000 0.031250
110001010100110110000110001 0.015625
0.000000
0110000000101001111101001111 0.000000
1000100011110010110001000011 0.000000
1100111110101101101100000010 0.031250
0101010011010100101100001110 0.031250
0100000101111100101000111001 0.015625
1100010001000011010100111011 0.000000
0011011101110101011101110111 0.015625
0100010010111010101111101100 0.046875
0100011110100001101011111110 0.015625
0010111010011110001110110011 0.015625
1000001111110011101110111100 0.015625
0111011011110001100010001110 0.031250
1101000011001001000100000100 0.000000
0011111111101110000011100110 0.031250
1001001110101010111001100110 0.031250
1010111011101110100001011110 0.031250
0110011001011100000101101110 0.031250
1001101011111101111000011000 0.062500
0110101110110110001010010011 0.000000
1101111110000101110100011110 0.031250
0.000000
00100101100101101000011100011 0.015625
00110001111110000011101101000 0.078125
10011110110101110011110111000 0.062500
01000001110100010010000010110 0.015625
11100001011101000011010100111 0.000000
01011101111000101100110101100 0.078125
00110000001101011010100011001 0.015625
10001000111110001010010000001 0.015625
00000110010101010011000101110 0.031250
10111000100100111101010100111 0.015625
01011000000001111110010001101 0.015625
10011000101110100010101010101 0.031250
00000001000001001110000000001 0.000000
00100000100001010000011001010 0.000000
01111010001011101101000010111 0.015625
01111011101001110000010101001 0.015625
11100010100010010000111110010 0.046875
01010010010101000010100001011 0.000000
00100001000000101010101000000 0.000000
01100111100101001010000010001 0.015625
0.000000
100011111001111110110100110001 0.093750
110000001011101110010000110110 0.109375
101101110101111101111110011001 0.046875
000110000101110111111110001001 0.093750
110100000000101010100011001110 0.062500
001001011011100010111011010110 0.125000
101001111000111101011001011110 0.093750
010100110010001010100010101110 0.093750
000110111100110011111010110000 0.234375
010101010101011011011110110100 0.156250
110101011100101101100000110101 0.078125
101001000101111110111001101010 0.125000
010100011000100111001010100111 0.015625
110110111111001111101011011010 0.062500
111101100010110011001110011011 0.031250
100000010000111001001110110001 0.078125
110110101010011110001011010111 0.015625
111110010001011000000110001011 0.015625
110000110101110000000100010100 0.015625
001011000111001001000111110111 0.015625
0.000000
1110101110011010110101101100010 0.078125
0101100011111001111101011001000 0.125000
1110110111110011000010000100101 0.000000
1011111000100110000010100010111 0.015625
1111111010111010101011001000001 0.015625
1011101101010011110111001001101 0.062500
0111011001100110100101001110110 0.062500
0011100100111111111111011010111 0.015625
1010001011011101010000000001011 0.000000
1111000000000011001001000000100 0.000000
1000001110011010100101010101001 0.031250
0001101101101000111010001000111 0.015625
1011011101010000110000011010111 0.000000
0101011110111010100010101100111 0.015625
1010010111100010010010101000111 0.000000
1010110010101101101010110101111 0.015625
0101111011010001010010000110111 0.000000
1011100000111110000101000100000 0.015625
0110001101010111101111110011000 0.109375
1100001110101000001101001011000 0.062500
0.000000
00101111000111001101110110011110 0.171875
10011000101000110010110001000011 0.015625
10111101001101100101001011010110 0.281250
00100000111011100100001011101011 0.078125
00000111100110001110101110110100 0.359375
00101101001010001111100100011011 0.062500
01101010001110010001111010101111 0.031250
10111101110100101111011101100110 0.171875
11101110010111000011010100001110 0.203125
01101000110001000001111001011100 0.296875
11101011110011001010001101011101 0.125000
11110000100010010111010010110000 0.187500
10110100000000010010000000001100 0.000000
10010010100100111001100100110000 0.203125
10000101100001111100001111011010 0.281250
11011101110001010000111010111101 0.125000
01010100011111110011011110010001 0.203125
00001110110010011110101101010111 0.031250
01110111101101001100001001100010 0.187500
11000000011001010011011111111101 0.046875
