0.000001
0111111100 0.000007
0111011100 0.000006
1100100101 0.000003
1111011100 0.000001
1100111111 0.000003
1011010001 0.000004
1110010101 0.000002
0100001110 0.000009
1101110100 0.000002
1110000000 0.000001
1000111111 0.000005
0110010011 0.000007
0101101000 0.000008
1010111111 0.000004
1101100000 0.000002
1001011010 0.000005
0111100011 0.000006
1001100011 0.000005
0000111100 0.000011
0010000000 0.000009
0.000001
10110100110 0.000007
01000110011 0.000016
01001001001 0.000016
00011000110 0.000019
01110101011 0.000012
01010111010 0.000014
10011101110 0.000009
01101100100 0.000013
01110010000 0.000012
10011110101 0.000009
01000011110 0.000016
11101000011 0.000003
00000000110 0.000021
11100110010 0.000003
00001101110 0.000020
10110101001 0.000007
10001100000 0.000010
11010010001 0.000004
10111010011 0.000006
10001101011 0.000010
0.000001
101111001110 0.000012
100101000111 0.000018
010010011101 0.000030
110100010010 0.000008
001111000110 0.000033
010100011111 0.000029
010001111011 0.000031
100100101110 0.000019
001110000001 0.000033
000110011111 0.000038
011010000111 0.000025
101111000110 0.000012
110110000011 0.000007
001000011001 0.000037
111111000001 0.000001
000010011101 0.000041
110110111101 0.000007
000011011100 0.000040
000110110111 0.000038
100100010011 0.000019
0.000001
1001111111110 0.000032
1010001111101 0.000031
1010111111100 0.000027
1000110101100 0.000038
0001110010100 0.000075
0010111010010 0.000069
0001001001101 0.000078
0100010110000 0.000061
0001110101010 0.000075
0010000101100 0.000073
0101001000001 0.000058
0000000000110 0.000084
1101111001011 0.000012
0001111011100 0.000074
1011101101101 0.000023
0101101010100 0.000055
0100101000000 0.000060
0000010010011 0.000083
1001010101101 0.000036
0010001001001 0.000073
0.000001
11101111110001 0.000011
11000101111100 0.000039
10010001001111 0.000073
00111001110110 0.000130
01001001001011 0.000120
00000001101101 0.000185
01111000011010 0.000093
11001010010001 0.000037
01000001001000 0.000130
00101000011000 0.000146
10101011111111 0.000056
00100100101011 0.000144
01101111101110 0.000095
10010010111001 0.000072
11110000010001 0.000011
01011111000110 0.000106
11010000011011 0.000032
10001001110011 0.000078
01010100101100 0.000113
00011100001101 0.000154
0.000001
011101000010110 0.000184
111111000100100 0.000006
111100101110000 0.000018
001111101110010 0.000254
001101110011100 0.000264
001000011011101 0.000292
101001110010010 0.000117
101000111111110 0.000122
010101101010011 0.000223
000011010100110 0.000318
111000010001110 0.000041
010000000001101 0.000252
100110100000000 0.000132
011110110000000 0.000174
101101101010010 0.000097
111010011100010 0.000030
101101111111011 0.000104
100100000110110 0.000152
101111111011010 0.000088
110011100101110 0.000066
0.000001
0000000010100010 0.000671
1111000111110100 0.000038
1000000010100110 0.000335
0011101100000101 0.000517
1101110111010000 0.000090
0110101011011101 0.000393
0111000110101001 0.000375
1000011101000101 0.000318
0111110011111110 0.000345
1011111110101110 0.000170
0100001010001111 0.000511
1001111000110001 0.000258
0011111110110001 0.000506
0100011010011110 0.000487
1111111011010011 0.000004
1101000000101111 0.000126
1010101110100100 0.000222
1101000111101001 0.000122
0010010010100011 0.000577
1010001000011101 0.000248
0.000001
01101101110101010 0.000769
10110101111010100 0.000392
11000011100011111 0.000322
11110111001011101 0.000047
00100110001010011 0.001146
00000011001000101 0.001367
11101110011010001 0.000093
00000010110100001 0.001360
11000000110000001 0.000334
11110000101111110 0.000081
11001101001111011 0.000268
11001101111101011 0.000264
00001000110110011 0.001301
10100110111000011 0.000469
10110111011111100 0.000382
11000001101101000 0.000329
01111000011000001 0.000718
01110110000001101 0.000726
00110100101000010 0.001070
10000001110010100 0.000664
0.000001
000100001000000110 0.002757
000110111111110011 0.002457
101000100110000101 0.001029
001111011100101001 0.002043
111010000101011110 0.000250
001111000111000101 0.002068
110010110001101111 0.000559
000011100000001010 0.002576
010000001110010111 0.002017
000000011111111110 0.002676
010100101110101011 0.001861
110110010101110010 0.000422
000101111000001101 0.002451
100111101111001000 0.001021
011011010011011110 0.001550
100010000001011101 0.001263
100000000000010100 0.001348
111100100000011001 0.000148
010111010001101110 0.001720
111010100101101101 0.000229
0.000001
1110110001101001100 0.000415
0011110011010000011 0.004460
0001100000100101000 0.004894
0100011011010110111 0.004086
1000001100000111000 0.002646
0011000011011010001 0.004366
0111001110010001111 0.003004
0011001101001011000 0.004753
0011100100100110101 0.005248
0111011010010111000 0.002988
1010100010000100110 0.001855
1010110100110100110 0.001765
1011010011100111011 0.001645
0101001001100100011 0.003797
0101100010101000010 0.003624
0111000100001000010 0.003113
1001111000110010101 0.002132
0001111001010100110 0.004800
1100101110011100110 0.001265
0010111001000110011 0.005352
0.000001
01101000010000011011 0.006769
01100101111011110110 0.006711
00000100010101111000 0.010751
01001100110011011001 0.007886
10000011011101110011 0.005387
01011011000100111101 0.007037
01011101100110100010 0.007200
00101010010110000000 0.009288
10011001101001110100 0.004397
01111011011000110000 0.005603
11011000000000001110 0.001694
00100010111010010101 0.009467
01101101110100100011 0.006291
01011011000111001001 0.007064
11010001100101011001 0.001978
01011101111111000011 0.007480
00100110100110001010 0.009179
10001010110101011011 0.004931
00010011100000110100 0.010292
01111010101100011110 0.006508
0.000001
101101110101101111101 0.006282
001100000010011001101 0.018813
001011111010110010011 0.017987
000101110111110000110 0.019992
001111011100111011111 0.017205
110011110010010100110 0.004164
010111111001010001000 0.013594
101011000011000110111 0.007125
010011011011111000010 0.015240
001110101111001000000 0.016844
011100000101111010010 0.012100
000101110001011011101 0.019875
001111111111011101100 0.016308
011010000001100010111 0.012919
011101000101010110100 0.012045
011010000110011001010 0.013029
101100010000001100001 0.006749
001111011100000011001 0.016611
110000000011110001000 0.005499
011100010110000101010 0.012060
0.000001
0010001001101110110011 0.037616
1100010010011101001010 0.010336
1111101010001100001101 0.000918
0001001011000101101011 0.041716
1101011100111010010111 0.006895
1001000011100110100110 0.019208
0111110100000100100101 0.022401
0110000001011001001100 0.027352
0110001100110001011101 0.026768
1011011100010001010110 0.012276
1000000010000001110010 0.021475
0001111010000001101101 0.038504
0111111101100110100001 0.022059
1011111011001110101011 0.011096
0010010011100010100000 0.037523
1100011001010011010111 0.009744
1011000000000011010101 0.014158
0101110000110000111010 0.028478
0001011110100111001111 0.040353
0001101000101100010010 0.039045
0.000001
01010000000110000100110 0.059596
01000100111001011110011 0.063945
10110101110100000100001 0.025349
01111011000100101000111 0.045696
00111001100000010110101 0.067868
00010001100111101011111 0.082251
01010101011001100100100 0.059166
01110110000111001111010 0.046990
01110011011110011110110 0.048418
00000100101100110000010 0.086653
11001100010100010100001 0.017960
00100000110011001100011 0.078795
11011101110000010010001 0.011523
11011001011111110000011 0.013147
01010001110010001000111 0.059475
10111000001110101010110 0.024845
00000101011001001000010 0.085727
10000100101001011010001 0.043642
01011101110101001101001 0.055743
11111000101011000111001 0.002514
0.000001
100001000001010000100001 0.085194
010101111110010011110011 0.115292
111110010101110000011000 0.004465
001001100100000100100101 0.149114
111100101001001111010101 0.009051
001110110110000111111001 0.134855
010111000110100100101111 0.113770
011100010100100101111110 0.099828
110000110011100010101001 0.041875
110111001011011010101011 0.024159
100011001101010000111010 0.079602
110111110100101001111010 0.022335
010101111110101100110010 0.116697
010100100110111101001001 0.118753
110101011100010111010110 0.029145
100010101001001110100101 0.081632
101110001010010010101011 0.048473
001011000111111001011011 0.145914
110011011100101101001000 0.034853
010010000000011000010001 0.128750
0.000001
1000111100010110010000110 0.157950
0000110011110011000101011 0.336663
1010001110011110000101100 0.127511
0100110100001100010001110 0.247982
1110100000010011001000100 0.034379
0010111000100000010101000 0.292230
0001010011100111110110001 0.320718
1011010100100010110000000 0.102980
1101000111010011000010000 0.063809
1000011011011000110111000 0.166582
0100101110000101110011111 0.250198
0010001010110101001000110 0.303094
1001010110010001100110001 0.146467
0001010101101011000110000 0.322440
1011110110011010111000000 0.091419
0000100101011010101011100 0.342079
1011111000000010000001001 0.090195
0000110101000100100101111 0.333582
0011101111001101010001100 0.272004
1100011111100010000001101 0.079450
0.000001
11100001100101101010000001 0.085101
00000111111101111000000100 0.682822
00000101111010000101000011 0.688733
01011100011100000001001100 0.453006
00000011011101010101010000 0.699240
00011111011011111101011010 0.618745
10010111001100011110101001 0.289469
11011001001001011100101100 0.107209
01101101110100100101000110 0.406248
01011110100110011100000111 0.445601
11110110101010101000110011 0.026151
01011000101111100100100100 0.460831
01100010011100101001110010 0.434185
01001001010110001101001110 0.504036
11111001111100010101010011 0.016630
01001010101110110000110011 0.501305
00100001111110010001001000 0.613710
00101100111000111111101000 0.583120
01001100010011000110000111 0.496629
01110111010110001001111001 0.373444
0.000001
110011000101101000111010010 0.285124
111010011101000101100100101 0.130053
001110001011011001100101111 1.199968
100110100000010111110000001 0.650040
001101110110001010011011110 1.239294
011010111000010000010011110 0.922457
011010000011010000111111000 0.834424
011100001111011000100101101 0.788593
010101101110111101111000101 0.933219
110000000101000101101110110 0.351637
001000000011110110101010000 1.235167
100100101101000010110000010 0.606334
100110000000100000011001010 0.672318
000100010010010011101001100 1.364636
100001110110011010101011111 0.663376
001101000101110011111011100 1.124409
010010101000011001000010000 0.999928
000011010101001011000001101 1.339685
101001111111001110011111000 0.486283
110001010100110110000110001 0.324654
0.000001
0110000000101001111101001111 1.765836
1000100011110010110001000011 1.417027
1100111110101101101100000010 0.544565
0101010011010100101100001110 1.888078
0100000101111100101000111001 2.099837
1100010001000011010100111011 0.659477
0011011101110101011101110111 2.245650
0100010010111010101111101100 2.128853
0100011110100001101011111110 2.030950
0010111010011110001110110011 2.310199
1000001111110011101110111100 1.371578
0111011011110001100010001110 1.512184
1101000011001001000100000100 0.548798
0011111111101110000011100110 2.366416
1001001110101010111001100110 1.259892
1010111011101110100001011110 0.903936
0110011001011100000101101110 1.694028
1001101011111101111000011000 1.118530
0110101110110110001010010011 1.641389
1101111110000101110100011110 0.358578
0.000001
00100101100101101000011100011 4.839805
00110001111110000011101101000 4.549605
10011110110101110011110111000 2.145980
01000001110100010010000010110 4.199163
11100001011101000011010100111 0.674203
01011101111000101100110101100 3.580907
00110000001101011010100011001 4.612934
10001000111110001010010000001 2.806550
00000110010101010011000101110 5.687800
10111000100100111101010100111 1.588027
01011000000001111110010001101 3.724465
10011000101110100010101010101 2.309949
00000001000001001110000000001 6.013134
00100000100001010000011001010 4.990645
01111010001011101101000010111 2.996281
01111011101001110000010101001 3.002496
11100010100010010000111110010 0.645865
01010010010101000010100001011 3.900841
00100001000000101010101000000 4.933377
01100111100101001010000010001 3.360272
0.000001
100011111001111110110100110001 4.946813
110000001011101110010000110110 2.792036
101101110101111101111110011001 3.201333
000110000101110111111110001001 10.217617
110100000000101010100011001110 2.115195
001001011011100010111011010110 9.692892
101001111000111101011001011110 3.953191
010100110010001010100010101110 7.948285
000110111100110011111010110000 10.886970
010101010101011011011110110100 8.049623
110101011100101101100000110101 1.897260
101001000101111110111001101010 4.370188
010100011000100111001010100111 8.767258
110110111111001111101011011010 1.753858
111101100010110011001110011011 0.450042
100000010000111001001110110001 5.812998
110110101010011110001011010111 1.670013
111110010001011000000110001011 0.309520
110000110101110000000100010100 2.747526
001011000111001001000111110111 10.112808
0.000001
1110101110011010110101101100010 1.858798
0101100011111001111101011001000 15.434827
1110110111110011000010000100101 1.639400
1011111000100110000010100010111 6.025390
1111111010111010101011001000001 0.116896
1011101101010011110111001001101 6.244366
0111011001100110100101001110110 12.402389
0011100100111111111111011010111 18.008764
1010001011011101010000000001011 8.389926
1111000000000011001001000000100 1.416904
1000001110011010100101010101001 11.106269
0001101101101000111010001000111 20.451164
1011011101010000110000011010111 6.529322
0101011110111010100010101100111 15.219935
1010010111100010010010101000111 8.215042
1010110010101101101010110101111 7.597123
0101111011010001010010000110111 14.879622
1011100000111110000101000100000 6.732725
0110001101010111101111110011000 14.496859
1100001110101000001101001011000 5.393584
0.000001
00101111000111001101110110011110 37.843624
10011000101000110010110001000011 19.256843
10111101001101100101001011010110 12.197525
00100000111011100100001011101011 40.176965
00000111100110001110101110110100 45.029630
00101101001010001111100100011011 37.879437
01101010001110010001111010101111 27.065536
10111101110100101111011101100110 11.855930
11101110010111000011010100001110 3.157014
01101000110001000001111001011100 27.070886
11101011110011001010001101011101 3.640948
11110000100010010111010010110000 2.757996
10110100000000010010000000001100 13.629107
10010010100100111001100100110000 19.547536
10000101100001111100001111011010 21.896691
11011101110001010000111010111101 6.103545
01010100011111110011011110010001 30.541320
00001110110010011110101101010111 43.597551
01110111101101001100001001100010 24.679990
11000000011001010011011111111101 11.514784
