0.000035
0111111100 0.000002
0111011100 0.000002
1100100101 0.000001
1111011100 0.000002
1100111111 0.000001
1011010001 0.000001
1110010101 0.000001
0100001110 0.000001
1101110100 0.000002
1110000000 0.000002
1000111111 0.000001
0110010011 0.000001
0101101000 0.000002
1010111111 0.000001
1101100000 0.000002
1001011010 0.000001
0111100011 0.000002
1001100011 0.000001
0000111100 0.000001
0010000000 0.000001
0.000001
10110100110 0.000002
01000110011 0.000001
01001001001 0.000002
00011000110 0.000002
01110101011 0.000001
01010111010 0.000001
10011101110 0.000001
01101100100 0.000002
01110010000 0.000003
10011110101 0.000002
01000011110 0.000001
11101000011 0.000002
00000000110 0.000001
11100110010 0.000002
00001101110 0.000001
10110101001 0.000002
10001100000 0.000002
11010010001 0.000002
10111010011 0.000002
10001101011 0.000001
0.000002
101111001110 0.000004
100101000111 0.000002
010010011101 0.000001
110100010010 0.000002
001111000110 0.000003
010100011111 0.000001
010001111011 0.000001
100100101110 0.000001
001110000001 0.000003
000110011111 0.000001
011010000111 0.000002
101111000110 0.000003
110110000011 0.000003
001000011001 0.000001
111111000001 0.000003
000010011101 0.000001
110110111101 0.000002
000011011100 0.000002
000110110111 0.000001
100100010011 0.000001
0.000002
1001111111110 0.000002
1010001111101 0.000001
1010111111100 0.000002
1000110101100 0.000004
0001110010100 0.000004
0010111010010 0.000004
0001001001101 0.000001
0100010110000 0.000003
0001110101010 0.000004
0010000101100 0.000002
0101001000001 0.000003
0000000000110 0.000002
1101111001011 0.000003
0001111011100 0.000003
1011101101101 0.000002
0101101010100 0.000003
0100101000000 0.000003
0000010010011 0.000002
1001010101101 0.000002
0010001001001 0.000002
0.000002
11101111110001 0.000006
11000101111100 0.000003
10010001001111 0.000001
00111001110110 0.000002
01001001001011 0.000002
00000001101101 0.000001
01111000011010 0.000004
11001010010001 0.000005
01000001001000 0.000004
00101000011000 0.000003
10101011111111 0.000002
00100100101011 0.000002
01101111101110 0.000003
10010010111001 0.000003
11110000010001 0.000003
01011111000110 0.000005
11010000011011 0.000002
10001001110011 0.000001
01010100101100 0.000004
00011100001101 0.000004
0.000002
011101000010110 0.000008
111111000100100 0.000011
111100101110000 0.000009
001111101110010 0.000009
001101110011100 0.000008
001000011011101 0.000001
101001110010010 0.000008
101000111111110 0.000002
010101101010011 0.000007
000011010100110 0.000005
111000010001110 0.000003
010000000001101 0.000004
100110100000000 0.000008
011110110000000 0.000009
101101101010010 0.000008
111010011100010 0.000005
101101111111011 0.000003
100100000110110 0.000003
101111111011010 0.000006
110011100101110 0.000007
0.000002
0000000010100010 0.000007
1111000111110100 0.000009
1000000010100110 0.000004
0011101100000101 0.000011
1101110111010000 0.000013
0110101011011101 0.000005
0111000110101001 0.000008
1000011101000101 0.000013
0111110011111110 0.000004
1011111110101110 0.000009
0100001010001111 0.000003
1001111000110001 0.000008
0011111110110001 0.000011
0100011010011110 0.000004
1111111011010011 0.000007
1101000000101111 0.000002
1010101110100100 0.000010
1101000111101001 0.000006
0010010010100011 0.000004
1010001000011101 0.000005
0.000004
01101101110101010 0.000017
10110101111010100 0.000019
11000011100011111 0.000008
11110111001011101 0.000012
00100110001010011 0.000013
00000011001000101 0.000017
11101110011010001 0.000017
00000010110100001 0.000014
11000000110000001 0.000013
11110000101111110 0.000003
11001101001111011 0.000007
11001101111101011 0.000005
00001000110110011 0.000003
10100110111000011 0.000007
10110111011111100 0.000008
11000001101101000 0.000010
01111000011000001 0.000009
01110110000001101 0.000009
00110100101000010 0.000009
10000001110010100 0.000008
0.000004
000100001000000110 0.000020
000110111111110011 0.000019
101000100110000101 0.000014
001111011100101001 0.000030
111010000101011110 0.000005
001111000111000101 0.000015
110010110001101111 0.000010
000011100000001010 0.000022
010000001110010111 0.000004
000000011111111110 0.000004
010100101110101011 0.000011
110110010101110010 0.000014
000101111000001101 0.000030
100111101111001000 0.000030
011011010011011110 0.000013
100010000001011101 0.000006
100000000000010100 0.000017
111100100000011001 0.000023
010111010001101110 0.000017
111010100101101101 0.000009
0.000004
1110110001101001100 0.000027
0011110011010000011 0.000036
0001100000100101000 0.000032
0100011011010110111 0.000013
1000001100000111000 0.000031
0011000011011010001 0.000020
0111001110010001111 0.000026
0011001101001011000 0.000032
0011100100100110101 0.000022
0111011010010111000 0.000038
1010100010000100110 0.000030
1010110100110100110 0.000026
1011010011100111011 0.000013
0101001001100100011 0.000017
0101100010101000010 0.000033
0111000100001000010 0.000033
1001111000110010101 0.000027
0001111001010100110 0.000027
1100101110011100110 0.000031
0010111001000110011 0.000021
0.000007
01101000010000011011 0.000032
01100101111011110110 0.000039
00000100010101111000 0.000025
01001100110011011001 0.000044
10000011011101110011 0.000025
01011011000100111101 0.000021
01011101100110100010 0.000055
00101010010110000000 0.000048
10011001101001110100 0.000040
01111011011000110000 0.000063
11011000000000001110 0.000030
00100010111010010101 0.000038
01101101110100100011 0.000059
01011011000111001001 0.000032
11010001100101011001 0.000031
01011101111111000011 0.000047
00100110100110001010 0.000039
10001010110101011011 0.000033
00010011100000110100 0.000048
01111010101100011110 0.000032
0.000006
101101110101101111101 0.000033
001100000010011001101 0.000025
001011111010110010011 0.000059
000101110111110000110 0.000061
001111011100111011111 0.000033
110011110010010100110 0.000061
010111111001010001000 0.000089
101011000011000110111 0.000016
010011011011111000010 0.000062
001110101111001000000 0.000088
011100000101111010010 0.000031
000101110001011011101 0.000024
001111111111011101100 0.000050
011010000001100010111 0.000019
011101000101010110100 0.000045
011010000110011001010 0.000046
101100010000001100001 0.000054
001111011100000011001 0.000084
110000000011110001000 0.000042
011100010110000101010 0.000060
0.000007
0010001001101110110011 0.000049
1100010010011101001010 0.000045
1111101010001100001101 0.000096
0001001011000101101011 0.000051
1101011100111010010111 0.000072
1001000011100110100110 0.000083
0111110100000100100101 0.000088
0110000001011001001100 0.000060
0110001100110001011101 0.000060
1011011100010001010110 0.000076
1000000010000001110010 0.000057
0001111010000001101101 0.000072
0111111101100110100001 0.000141
1011111011001110101011 0.000095
0010010011100010100000 0.000125
1100011001010011010111 0.000038
1011000000000011010101 0.000045
0101110000110000111010 0.000090
0001011110100111001111 0.000076
0001101000101100010010 0.000084
0.000009
01010000000110000100110 0.000118
01000100111001011110011 0.000089
10110101110100000100001 0.000215
01111011000100101000111 0.000111
00111001100000010110101 0.000123
00010001100111101011111 0.000010
01010101011001100100100 0.000207
01110110000111001111010 0.000050
01110011011110011110110 0.000094
00000100101100110000010 0.000159
11001100010100010100001 0.000162
00100000110011001100011 0.000095
11011101110000010010001 0.000237
11011001011111110000011 0.000133
01010001110010001000111 0.000144
10111000001110101010110 0.000075
00000101011001001000010 0.000186
10000100101001011010001 0.000130
01011101110101001101001 0.000157
11111000101011000111001 0.000139
0.000013
100001000001010000100001 0.000155
010101111110010011110011 0.000178
111110010101110000011000 0.000247
001001100100000100100101 0.000154
111100101001001111010101 0.000118
001110110110000111111001 0.000167
010111000110100100101111 0.000101
011100010100100101111110 0.000047
110000110011100010101001 0.000185
110111001011011010101011 0.000155
100011001101010000111010 0.000191
110111110100101001111010 0.000133
010101111110101100110010 0.000230
010100100110111101001001 0.000126
110101011100010111010110 0.000117
100010101001001110100101 0.000121
101110001010010010101011 0.000109
001011000111111001011011 0.000141
110011011100101101001000 0.000195
010010000000011000010001 0.000140
0.000012
1000111100010110010000110 0.000387
0000110011110011000101011 0.000318
1010001110011110000101100 0.000350
0100110100001100010001110 0.000201
1110100000010011001000100 0.000313
0010111000100000010101000 0.000356
0001010011100111110110001 0.000175
1011010100100010110000000 0.000372
1101000111010011000010000 0.000552
1000011011011000110111000 0.000341
0100101110000101110011111 0.000066
0010001010110101001000110 0.000349
1001010110010001100110001 0.000346
0001010101101011000110000 0.000356
1011110110011010111000000 0.000422
0000100101011010101011100 0.000208
1011111000000010000001001 0.000325
0000110101000100100101111 0.000109
0011101111001101010001100 0.000333
1100011111100010000001101 0.000403
0.000016
11100001100101101010000001 0.000335
00000111111101111000000100 0.000585
00000101111010000101000011 0.000595
01011100011100000001001100 0.000503
00000011011101010101010000 0.000491
00011111011011111101011010 0.000338
10010111001100011110101001 0.000380
11011001001001011100101100 0.000202
01101101110100100101000110 0.000485
01011110100110011100000111 0.000435
11110110101010101000110011 0.000417
01011000101111100100100100 0.000505
01100010011100101001110010 0.000359
01001001010110001101001110 0.000383
11111001111100010101010011 0.000470
01001010101110110000110011 0.000454
00100001111110010001001000 0.000605
00101100111000111111101000 0.000265
01001100010011000110000111 0.000269
01110111010110001001111001 0.000494
0.000016
110011000101101000111010010 0.000603
111010011101000101100100101 0.000661
001110001011011001100101111 0.000251
100110100000010111110000001 0.000362
001101110110001010011011110 0.000422
011010111000010000010011110 0.000550
011010000011010000111111000 0.000415
011100001111011000100101101 0.000520
010101101110111101111000101 0.000460
110000000101000101101110110 0.000186
001000000011110110101010000 0.000507
100100101101000010110000010 0.000702
100110000000100000011001010 0.000528
000100010010010011101001100 0.000317
100001110110011010101011111 0.000191
001101000101110011111011100 0.000398
010010101000011001000010000 0.000560
000011010101001011000001101 0.000520
101001111111001110011111000 0.000551
110001010100110110000110001 0.000890
0.000029
0110000000101001111101001111 0.000096
1000100011110010110001000011 0.001037
1100111110101101101100000010 0.001618
0101010011010100101100001110 0.001046
0100000101111100101000111001 0.001203
1100010001000011010100111011 0.000123
0011011101110101011101110111 0.000769
0100010010111010101111101100 0.000468
0100011110100001101011111110 0.000307
0010111010011110001110110011 0.000850
1000001111110011101110111100 0.000578
0111011011110001100010001110 0.001090
1101000011001001000100000100 0.000807
0011111111101110000011100110 0.001268
1001001110101010111001100110 0.000655
1010111011101110100001011110 0.001040
0110011001011100000101101110 0.001304
1001101011111101111000011000 0.001389
0110101110110110001010010011 0.001204
1101111110000101110100011110 0.000698
0.000024
00100101100101101000011100011 0.001126
00110001111110000011101101000 0.001737
10011110110101110011110111000 0.001254
01000001110100010010000010110 0.001234
11100001011101000011010100111 0.001103
01011101111000101100110101100 0.000937
00110000001101011010100011001 0.000921
10001000111110001010010000001 0.002005
00000110010101010011000101110 0.001249
10111000100100111101010100111 0.000219
01011000000001111110010001101 0.000379
10011000101110100010101010101 0.001083
00000001000001001110000000001 0.001238
00100000100001010000011001010 0.001288
01111010001011101101000010111 0.000956
01111011101001110000010101001 0.001666
11100010100010010000111110010 0.000765
01010010010101000010100001011 0.001328
00100001000000101010101000000 0.001156
01100111100101001010000010001 0.001890
0.000031
100011111001111110110100110001 0.001997
110000001011101110010000110110 0.001476
101101110101111101111110011001 0.001540
000110000101110111111110001001 0.000958
110100000000101010100011001110 0.001207
001001011011100010111011010110 0.001103
101001111000111101011001011110 0.001388
010100110010001010100010101110 0.001180
000110111100110011111010110000 0.001995
010101010101011011011110110100 0.001757
110101011100101101100000110101 0.001844
101001000101111110111001101010 0.001488
010100011000100111001010100111 0.000466
110110111111001111101011011010 0.001485
111101100010110011001110011011 0.001118
100000010000111001001110110001 0.001042
110110101010011110001011010111 0.001196
111110010001011000000110001011 0.002141
110000110101110000000100010100 0.002111
001011000111001001000111110111 0.001025
0.000033
1110101110011010110101101100010 0.002961
0101100011111001111101011001000 0.002811
1110110111110011000010000100101 0.003898
1011111000100110000010100010111 0.002873
1111111010111010101011001000001 0.004012
1011101101010011110111001001101 0.001538
0111011001100110100101001110110 0.002346
0011100100111111111111011010111 0.001389
1010001011011101010000000001011 0.003913
1111000000000011001001000000100 0.003008
1000001110011010100101010101001 0.002936
0001101101101000111010001000111 0.002175
1011011101010000110000011010111 0.001370
0101011110111010100010101100111 0.002379
1010010111100010010010101000111 0.002409
1010110010101101101010110101111 0.001076
0101111011010001010010000110111 0.001460
1011100000111110000101000100000 0.004431
0110001101010111101111110011000 0.002331
1100001110101000001101001011000 0.002874
0.000040
00101111000111001101110110011110 0.001816
10011000101000110010110001000011 0.003332
10111101001101100101001011010110 0.003445
00100000111011100100001011101011 0.003140
00000111100110001110101110110100 0.001816
00101101001010001111100100011011 0.001049
01101010001110010001111010101111 0.001711
10111101110100101111011101100110 0.002251
11101110010111000011010100001110 0.003659
01101000110001000001111001011100 0.001631
11101011110011001010001101011101 0.002664
11110000100010010111010010110000 0.002430
10110100000000010010000000001100 0.002761
10010010100100111001100100110000 0.003610
10000101100001111100001111011010 0.002459
11011101110001010000111010111101 0.002572
01010100011111110011011110010001 0.004500
00001110110010011110101101010111 0.001682
01110111101101001100001001100010 0.004537
11000000011001010011011111111101 0.000681
0.000052
110101100001110000000010010111101 0.004487
010101101000000110110100010110011 0.002526
111101000101111100010000110011001 0.007662
000001101101000100111101000110101 0.003324
010111010011100001101110111100010 0.002920
000011110001010001100011001000110 0.004871
000000010010100111110101000010110 0.003370
010100101001101111000101101110001 0.004650
001101011000100111001100100101000 0.005500
001011110010110000001000110000111 0.005792
010100111000110000001100101101011 0.003526
101001100100000101110111111111010 0.000331
110010110001111000101101010001011 0.005559
001010100110000011100111010100011 0.001854
011001111110110000010001110101001 0.006242
000101001100011101101111100110111 0.001908
010010000010110001100000000011001 0.005795
011010010010001111011100110100011 0.002631
011111110100100000010101001011101 0.003895
000111101101001110011100011100001 0.006093
0.000061
1111001100100011011111000110000110 0.006088
0000100011001000011011000010011010 0.004371
0110001100000101100111100000110000 0.008182
1100000000100000101001101010101101 0.002244
1101011101111110111010111001010010 0.010008
1000100001010010010000100101010110 0.004758
0010101111000011100010011010111111 0.004885
1001010011110011101110100100011110 0.008384
1001100111010110110010100010001000 0.011355
0010110011000011110000011110111011 0.004707
1000000010011101001000001101111010 0.005009
1110011111010010101110111110011100 0.005638
0101001011100110101011110001000000 0.010797
1011001101001101001001110001011010 0.006382
1001001011110101110000011101111000 0.009140
0000111111101001010110100100000100 0.010626
1000101000000101110001111011010110 0.003127
0101001101111011110101110001001010 0.010683
1100001001001100001011110110011010 0.002385
0011101001000100100110111101000110 0.004404
0.000071
01100101000000011111101110101100111 0.001517
10000010010011110100001100101101111 0.006628
01000101000101101100010110000111100 0.011528
00000011101111110000100000110000011 0.017166
01000100011100001011011111010011110 0.002377
10010100010000100100011110001100001 0.008802
00101110011010101101010101100110110 0.008309
00101110100011110110001100100011111 0.008243
10011010111001000000011111110000101 0.006568
01111101000000001010110100011010100 0.008609
11101110010010010100000100101011101 0.008274
00100001110110011010001001000101011 0.013996
10111111001100110000010101101000011 0.013245
00001011101110110110111100111110000 0.008966
01101101111000010111010011100011101 0.004539
10111110001101110101111111101101100 0.005245
11110100001001101010101100110110001 0.009174
11101100001111000010110001100000010 0.013145
00000111010000110111011111111101011 0.001772
11000100000011001011100100011101110 0.005094
0.000082
001101001110000000011100001101011100 0.006245
101001101111100101001101000100110010 0.021404
100100110111000000010010001101011010 0.008328
011001011110001000111001111000110111 0.003430
100101010110101110111000100001110001 0.018970
010000111101101001111101011010110111 0.008828
101000111011010100000100011001010110 0.015065
101011101111100110101100100111000001 0.021174
100001110000010001111000011100000101 0.010231
011010101110111111000100101001100111 0.020018
011110010010010010110101001010001100 0.011522
111001000101000110010001001010010000 0.014283
111101111001111011110011010111110111 0.012480
110111100001101101011100000011111001 0.015188
011110011001010100001101001111101011 0.004783
011101101010110000001001111011101100 0.006849
011100000010110011010110000001001100 0.017256
101000001011011100101000001110010001 0.015599
011000001101001101011010011101000001 0.015202
001001011001010000100110001001101110 0.006404
0.000106
1010100111011000110001001101111100110 0.018136
0100001001010101011011110010001101100 0.018353
0010101011110001011001101100110000111 0.019012
1111001011111111010001100111010111010 0.022870
0100000011110110010001100001111100000 0.031778
0110001011011100010000000111101101110 0.018591
0011010100101101011110011101010000100 0.028643
0001001111110000010011011011000000010 0.029683
0011001101100001100010111010110010110 0.014763
1000110000100010011110010011101011010 0.008726
0100011110111000011110011011101111110 0.007551
0001011100000101010110110100101111000 0.015885
1111001110001100101110011001000000110 0.027676
1001011001001100111000000101100000000 0.032723
1000110010110101101110001011011001001 0.021433
1101010100111100010001101010010100011 0.026897
0001100111101100101001010101111001100 0.020523
1101101000000001110011011010101010011 0.012497
1000010010111010110100001100100111001 0.029402
1100110111010101110111011100100101110 0.019847
0.000129
00101001100001111011111000010010001010 0.044302
10111001000011001010010101111001100010 0.028987
00111000100001000010111100111010000011 0.015103
10001010101100000001010111101110001010 0.009497
00000011001110111000111010110100100000 0.039654
11101011011001100001010011001111111101 0.007503
10011001011111101000101000000000011101 0.046013
10010011010110100010101111010001100101 0.024590
10111000010001011111010101011111110010 0.025129
01000011000111011010100111110000000111 0.037756
10010100100100111011100001111101000101 0.030740
00010011010111111101000110111000111001 0.038789
11100100111010001001010101100100001001 0.028655
00110111001011001101000101010000111010 0.037933
10111110001001101001010111000001111000 0.027837
00100011001111000001010100010111100001 0.021807
01111001011101100110101001101111110100 0.032147
10000110110111010111100111011111111101 0.024242
10001011101001101011010101111111010000 0.030466
11110010010111101011001000000011011100 0.049445
0.000150
101011001101000011010111110001011111101 0.010268
000010110000110100001101010101101010011 0.020883
010001000010001010111000100100001100111 0.041541
110001011111100000001010001001101011111 0.014961
010011100101101011101000100001101111001 0.062246
000110101000110111101000100101100001011 0.071532
110000011001000110111011010101011001000 0.049569
111011011000110000110010101101100011001 0.038779
110101101100100111011101111101110110111 0.019092
010010000101000100010110101001111000111 0.009833
001100101110010100001011100000001110010 0.055570
101100111001010010001110011011010110111 0.010047
101011011001011101010011101100110100110 0.044205
011101101000001111111100011000010101011 0.055824
110011010111110111101101010000000010011 0.085930
110011110011000001000100111101111011011 0.007234
010101100000101010011001100001000101010 0.053237
001100100000111111001011000001010111111 0.034740
111100011110011111101100001010110011010 0.069428
010001100010010111100001110111111001001 0.041602
0.000168
1111011000010001010111111100100101100001 0.042891
0100101110011101010001000101000100000101 0.083027
0110000100100111111101001111111111010111 0.053776
0000100100100101110001001011111100011100 0.035095
1101001100111111011001011101011110001001 0.078145
1111111111100110110100000101011101110010 0.096351
0001001101111111010011001001110001011100 0.086424
0001011101110010001001011011000000000110 0.075824
0011011000111000101111100110011101011110 0.041949
1011111001010100001110101100001100001011 0.063419
0111011001110001000110110101010100001001 0.062440
0110001011010110001100101110110101101100 0.059722
1010111101011011001010000010001000011111 0.087129
0001001101000010110111110010000111001010 0.060100
0111001101001010101101011101010110110011 0.053977
0110100110101000101100111011010000000010 0.085429
1110010010000100101001111110011110101000 0.021806
0001000110100100111110100100011011100110 0.070965
0011110110101111001000100010100010100100 0.102294
0010101010100111001111010001000101101110 0.069749
0.000217
10110101110000010101011100011110011011100 0.058136
01010000000110010111000000111100001000000 0.148935
00011000001010111111101110101010110011111 0.060161
01011101010000111111101010010011101001110 0.108257
11001100101111110101100110101000111011001 0.111639
10110110100001011011010111110001000010111 0.100015
01001001110110100111111001010000000110100 0.166931
00010011001101101100011000111010111101100 0.067292
01011000110011110101101001001111100011100 0.112484
01001011000111000110000100100010000100100 0.147585
10110110010001011011111000110000100110111 0.114615
11011001010111010010000110100111110011001 0.089162
11000101000011100111110001100110010000010 0.174059
10110011100011011000000010010010110111010 0.103748
00111110011111000001101100010110011011101 0.068379
00101111011101101010110111100001001001010 0.152461
11000110000001000110111000001001110001001 0.104473
00110000011100111111001100110000011111000 0.148644
01000010100100111010110000110110101111001 0.051016
01000101001111111011101000010110110001011 0.131677
0.000265
011110000000000001110111001011100101010101 0.047504
010000010101001011000010110000100100110100 0.130126
110011111000010000000111110011001111011100 0.013288
101000101110001111001010010101100111101111 0.104292
101010111011001110000101000010110010011011 0.116133
100011000110110100010110100111111000111011 0.035710
111011101000111010010011100111001000111111 0.074210
111101010011000100100100000101001100011010 0.128808
010001101101100110010000100010101101000000 0.184483
110110111110010111111010101101000001011100 0.235168
100000100100100001101011001101101110000111 0.054050
001011000000000100111111110000010011000101 0.117314
011000110000000011100101001101001000100111 0.082300
101010110010010010110111000000110101110100 0.133512
001100010000100001011010110110111010011111 0.030654
011001010111011011111000011001001001000010 0.261168
101011110101001000101010100110111111100001 0.090585
101001000100001101001000100110011100101000 0.143017
011100000011101000010000001110000111011110 0.075729
011010000110011111100111000101110110101110 0.108935
0.000312
0000001100011111000100001101011100111001111 0.083467
0100100110000000100110010100010101111011100 0.131367
0001010000100000110100000011000010011100101 0.224463
1101000011011010001011011000001001001110011 0.210051
1011111100011000001001101010110110110100101 0.078181
0100001000101100101111010000101011100000010 0.320851
0000100000001010000101111000111101101010110 0.037378
0111010011111100000110110010010001100011100 0.309304
0111010000101011101110010001100011000111011 0.264028
1010001001110111000100110001000000010000110 0.323207
1111101100111101101010001101011101100011100 0.267580
0000011111010000101011001110100010111100111 0.102709
1101111010110100010100001000100000110100101 0.318893
1100101000010110110001100000011001011100111 0.138132
1101110010001111010110001111001101010100000 0.342952
1001100111101000011000100111011100000110111 0.113813
0001000001010001010010011100101000101110110 0.126454
1000010000010101100101011111011110100111000 0.063509
0010001101011111111101000010001011001001111 0.292428
1011111010011110010101111111110001001100010 0.193670
0.000364
01111110110001101111100001010001101010100010 0.505236
11101100101000010101111100111011100010000000 0.423742
01101100101011110011000011001011010011010110 0.286754
10000001010100101110111110101001001010011000 0.387718
10110001101100010101011100110010100011100001 0.339016
11001001011000100011101111001101010101001010 0.218444
10011000010101101000100101010010001111001110 0.173608
11100000001110010110110111001111100010001000 0.384311
11000011101001110001011010101110011101000001 0.325536
01111010000000011010011111101000010000010011 0.245571
10110010101110100100011001011000100100110011 0.296347
11111100110101010110101000100101001101111110 0.260480
00111010011110010011010011011010011000100111 0.339260
11100101000001000010100001110001000000110001 0.275371
11010111110111000001100101011010011101000010 0.407571
11001010001010110110100110011101001011110010 0.234302
10010101000001111111111100110001101010000001 0.547372
11110011010000100010101100010011100100010111 0.179650
11101101001001111001100001011001110001110000 0.518643
10010011110001001001111101000010110000001100 0.453171
0.000463
001101010001001001100001011110001110101000001 0.374359
010000001011101111001001010111001100101110011 0.314299
000111100011011001100001011001011000100111110 0.300061
101011001000001101110110111000001000100001011 0.662243
001100000100011010110100100000110101110101001 0.515239
011111100010011000001101000011100111010010101 0.377425
111001011001011110111010011000011000001100101 0.913667
110010100010010101010001100010010001100101100 0.590150
111000011010111000001110100101111011011011100 0.211096
000011101011000111010001100011100110100101101 0.391242
101010011110001111010010011110000001110101010 0.579811
101010111000111100100000001111100101110010000 0.543947
101101011010000111111010010111011010110111111 0.234104
011110100000001111011001100011110101000111100 0.442908
101100101101110100010010100011001011101010000 0.474559
001101001000010001111101000000100101011100011 0.605630
100110110110101000000111010100010110001000010 0.499361
000110001111010100011110001111010101111110001 0.244097
100110000011000010110111001011000101010111000 0.466047
010011000000110101000110000101011101001100010 0.423460
0.000659
1000010001001011100011000100011110011011101010 0.461573
1100110111111011100101111101001001101001000011 1.043849
0100111101101001010111010001001100110100001110 0.938479
0111001110010100100111011011100111110000100101 0.568473
0100000111011101110111110110001110011110001001 0.890396
1010100100110010001011111100100011110110001001 0.591740
1001110111110111000001011011001000100010000011 0.881702
1101000010101001010100100011011010100111100001 0.483895
1000001111001000110100111100001101001000010010 0.736708
0110111101110100000100101011011010111101101101 0.283241
0100000101000000101110101000010111000001000011 0.666576
0110011111111011101110011100000100110010110011 1.000959
1100100101000100000001111011100011111011010111 0.034296
0000010010000110111010110100000110000100000100 0.876592
1011100001110011110111001010111010111111010101 0.579288
1000000010010001000101110100001100001000101000 0.631525
1010010000010110001111111001101110010111100110 0.492496
1100110100001110100100000000110010000000000010 0.659902
0110000001010000010000001100000011111101000000 0.511931
1010000111010000010011100110111111000011101110 0.291261
0.000690
01000011011011101110111000100101111110001110001 1.175511
01001000010001111011111111010100000011011011010 1.264425
01010001111111011001110010101010010010010100101 1.514313
01010010000101010011100101100001010100000110110 1.101581
01010010010110100001111101111001011110001100001 0.992238
01011111100110010000000111010110000110001011101 0.491180
11000111000100010101111011110111110010010010101 0.808759
00100011101100100101000111010011100100011100110 0.581696
01110101100111111111110101111111010101011010001 0.862093
10001100011101010001111101011010001000011111011 0.858107
01010101101001011011100001000101001011100100100 1.444559
01011100110000101000111001011111001010110011010 0.734734
11101000010111000000111110011111110111010111101 0.215573
11110001011101101011101001001100010110110011010 1.310058
00001110011101100001110010001100000011111110011 0.718716
01101011011110111010011111000101000101101011010 1.229205
01101010100000001011011001001000101001110101000 1.248566
00111101001000000110111001011101101010110001111 0.497982
01001000000101101110000100011001000001111100101 0.779380
00011111111011111110101000101011011011101111100 0.751467
0.000789
000111100001110111010100111110010110010100100010 1.555171
110110010010001000101010001101100011110011011000 0.750031
001100010111110011010011111011111101101001000110 1.196574
001110001001110100011001000010001010000000011011 1.590540
010011110110010100011010100000000001101110100111 1.400412
011001100011000010011101100000111101110011010010 1.047894
111111100101101110110010001101001011110110011100 1.446177
100010000000100101001111111111001100000000000111 1.299813
000010010100110110011000010000001010110001110001 1.293775
011100111110011011111101001011000001110100001101 2.198054
111001110000011111101001001100100001100001000101 2.070893
111110111011110000100110100111101000110000100010 1.779724
001001011101101100100010100010111110111000001010 1.095028
000010000100010101101011111011010100111010110001 0.851795
110011010000100011100110101100010111010010000011 1.174680
010111101100110101101010110101111010010000001000 2.018113
010111111101001000110110101111111011110100111010 0.866006
011010110011101000111100111101000111111110111100 0.753021
110110101011000111000011110101000110011001000101 1.474592
000001100101011001000110001011100110110001110100 0.976554
0.001030
1000010110100010010001011111101001000110010110010 1.432704
0000010110011101101101010110010110100001111100111 1.627404
1101010101011100000001101111100010101111100000011 0.992334
1011101001100100010010101010010101011001111010000 1.666345
0111010100000100110101010100011111101000101100111 1.076420
1100001000100001100100010011111100101110111001010 0.472636
0000101000100100011111111010011000111011001010011 2.118015
1101111011101100111110011110000101100001010010101 3.024246
1000000110000010110010010000011011100100111000101 1.776266
1010101100010001010110110100010000010011010110010 2.871356
0100001000001101011000010111011110001011110100101 0.602609
1111101001110100110100110010000111100010010110011 2.472280
0000110111101111011000010010111110110101110001011 1.117229
1010011100101110001001101100010010001101111001011 1.368767
0111001010101100101100000001101110001111111101101 0.348737
0100111001101100011101011111111101101101110100110 0.965126
0101110001110010011011000000101011000000110001101 2.742181
0000000111100110110000000111001011100110111100010 0.769575
1101011000100011110110100010001000000011011001011 2.866100
0001011011000100100100100001010011010001000001110 2.237412
0.001257
10001100110001011111010101100000100111111001011010 3.026219
10100101111110010010000001011101001010100100011100 1.910916
10110011100010000011001101000011111010011001010101 1.496312
10011000100010001010111010100001111011111100010010 2.305320
01101101111100010011000000000011110100101011001010 2.072348
11101011101101001110101100100100000000100100110010 4.611379
01011001000101001010001110000001011001101110000000 3.443755
11010001000010001010111101001100011010110110101000 2.737806
10111101111111100110111000000100011110001001111110 3.721619
10000010100110110101010001110000001110001010100100 3.273277
11001011011110110000100111111111110110110100010100 2.114058
00100001010100111100000110000111101010110000001011 3.027436
11000001010010001001001100010101010111110011110100 0.943852
01001111001001101111010110001111011000100101110001 4.007593
10110100000001101110000011001100010101011101000111 1.450709
10110110101101100101111010010110111110000001011111 2.961833
01110010101011111010010000111000100100110110011111 1.855262
11010000010110101011011010101000010100101000100111 4.311637
10110010100110001111010101011010110111011101100001 2.151769
01111010000011101011001111000001101010111010100101 3.542889
0.001445
111010001111011011000100111001110011100000110001111 3.310976
110110111001111010111000001010110001101100010011010 5.165157
100100101100110101010101011111100101000001001110001 4.618310
110111010001011111100010000011001010111110001010101 3.702287
110110111110111110000010100011111010100011111010000 5.020846
010101010000101001101101100110011111101111111111101 1.569249
100011101101011101011010010101111111100101011100010 2.843875
011000110001101011011101101100100011111100001101100 5.187990
011010001010110100110111001100000100101110100010100 6.499000
001101000111011001001010011010101000110001101111011 1.604069
101101111011011011110000011011111001000011000110010 4.833891
001101111000110100101100110110101111001010001010110 3.722860
110000110110001101111011010010000010001011001000000 7.250555
011101111011100011011001011001010100100101111100101 3.518227
001011110001100101110111111010001110100000101110001 6.413822
001010010111001101010101000100111000010001000000100 6.651384
000110000100101010100110011110100110011000001100100 4.663158
001110010001111111101100110001111000100011011000110 6.226888
100101001010011001010011000000101001101101011001000 5.491697
100000001101110101110011111011101101010001011010011 3.863564
0.001688
1001001100000000001010000010110000011010110111110101 0.991526
1000101011110001011011000000100101011010011000110110 4.366555
0001010111010110011100001011100101101001110001011011 3.160751
0010101101001101000101000010001111110011110000010000 4.323378
1001101011100000000111001101110111111010110010011100 2.987043
1110011110000000001111010100111101011010001011101101 3.469254
0010110101010011110101111110000011000111111010100010 9.364907
0101111100100011001011100101001000000010110111011000 7.801069
1010001100010101011001000001110001100001001011000011 4.644420
0000001100011111010001111000010101011001010010011110 7.315151
0000100100011011000111110011011011111010010101010011 3.740182
0010001110101111101011001010011110011000011000101110 6.655335
1100101010101110010010010100000011111111001100000111 4.885320
0011111110111011000010011011111010101001110110110010 4.273025
0100011110110111001111011000001001001011010101110111 6.849206
0000001110110111010101001011011010110010011100011010 5.228341
1001101110010111000100000011110000100100100011110011 2.980057
0111000110001110001101000100111011111010110010000100 5.076234
0011101000001000011110110001100111101000000011000000 6.894159
0111011111100110111111101001111010011100001011000010 9.391337
0.002120
11010000000011010000000100100110100110011001110001001 6.405358
10100111010000101010010110001011000011010101001001010 10.475010
11011101100010111111101000110010001111010100100110000 12.913640
10001000110011101001101100111011110001001011000010001 10.818859
01110101100011100001110101110101100001101010111100100 9.349608
11010111111100110111000110001110110110011111000000011 10.183796
11000000111001001010000110100100001011000010000110010 11.064762
00001010001011110111101000100110001011011101111010111 3.770822
11010011010010010000011001111011000011101000001101111 3.705133
01010100110000111100101101110110000001111001011100011 8.305974
10000001110101100110110111100010000001011110001001110 13.326315
00011100001001001011100011001000111100010110100110001 9.773745
01100100110101101110111001010010101100100100100110111 10.190725
10001011101101101001010001111100100000011110001110001 9.314963
01100000111110100111100010011100011110010110011010101 6.498889
10001011110011001111001000101001000011010110001110000 12.408858
01011101111111101001101011001110001000000000000110111 16.379826
01110010100000101100000111010101011001101111110001000 6.716499
10100100001111101010001001001100100100000000101000001 12.757511
10101111100000111100000111001011000010001000101110100 13.203723
0.002670
101111110000101000100100001111101100011001000111000111 5.994783
100000001000111111100101000001001100101010110010010010 14.673877
010110000001010010100110001110001100000011010001011010 11.528685
111011100110001100101010100110000100111011001011110001 7.816977
001101110010101101000011100110111110010111001111101111 3.934212
100100011001111101101100101010000011010111001110001100 17.841238
001001101010110010100000100011011101000101000011011101 5.594770
010000110000011101111010010110010000000000100010101111 16.569179
011011111110000011001111111000001001011001000001011011 21.242647
000101101010110011000111110010010100010110010010011111 14.420288
101001011001101101000110000111101101000100101010100001 10.764593
001111110001100111010010001010100101000000101001001101 15.685214
010111101011100101011001111110100010011010110111111111 10.454693
110100100000100000110110100111000010100011100100010001 11.654983
110110001000101101111111011100000000001110010000111000 24.193248
111010111101010110100010111101010100100111100011100001 17.629031
011000100110101011111000000100111101111111011101111100 2.847921
001110100000000011000011101011111111101110110011101100 2.731139
001111110101010101001011101000001010100000000010001010 21.911561
001110111100010101110010001101110110000101111101011001 8.126136
0.003373
1010111000111001000111111000010111001110100000100100010 31.094610
0010101110110111110100000101100010001100111010110110111 9.489741
0000001101110100010000001001000001100000011110000001010 23.350653
1111110101101000011011111101000100100111110101011011101 14.607830
1111100011110011101101000011011000010011010111001110101 14.717130
1011011110100001001101110010110010010111010111001001011 15.013525
0110011011100110111100010000111011011110100111110110001 7.288681
1010101010110101111011111100010110010111011110011100110 16.918640
0010000111000110001101111100100000011001000101111011010 24.787293
0010100110111111110111111011011111000000100101101010101 24.969338
1101011110111010001010001110000011010011010000000101111 26.324195
1111100101100111010010110100001000011110111000010100000 30.775007
0101000111011011000110011011101000111011101110110100010 15.244475
1001011110110000100001010001010111001110101000111100001 10.690430
0001101011011111111110110001101011010000100000011100000 35.097791
0100000011101010100100100010001110111001100100010101100 18.179810
1110000000110000000100100011110011100010001110110000010 18.185775
0011000111110011000011100101100010101010011111111111111 4.174332
1000110000011110010000001011000111101101111110010011011 3.194717
1101001001000110110010111110010000110111000010011011010 27.963815
0.003581
01101101100100100011001111011001000010001111100101101010 32.334578
00100000000011001110001101101001001001100010000100101110 29.317762
11101111100101010000011011100001000111111110010000101000 31.803728
10100000000111000011110100110100110001110110010101001101 24.661253
01100100100110110101101101100111110011001000000010111011 32.277704
00110010010100100110011000111011011011000100100000110001 29.648216
01100101010111110001110110110101011100001111110011111001 24.863531
10000111100101001100011011100001000011110001101100000100 36.686159
01100110000010101111000011100101111101011010101100110011 14.114977
10001101110000011100111001011001110111101101011101011111 13.555468
00011011111100111101001000010001000111000001011011011110 24.845886
00100110000001000001010101111110000100101100000101100011 26.237848
10110100000011101111010100111111011001111000001100011001 31.497426
10000010010110001001101101011111000100010011111000100100 31.341006
01100011001001111010110000101001000010001111101110110101 15.423313
00010000101000101000111110110110100100111000100100100001 42.092558
00111011001000001111001000101011110011101001011011011000 11.997457
10001001001001000000011001010101110001000111100111010000 23.209698
11011110110111000110011001101110101101001011111101000000 28.721152
11001010100110100010001000100000100101110010101000110010 21.890767
0.007150
000001000100111101100101010101001100011001000011100111000 55.309942
010000101001000111111001101100111011110010100111010101000 46.711277
011110000100000001111011100100101111111100101111100111111 12.333965
011111101100101001101111001101001101110100011101010111001 38.883204
011001110110010101100111010000000001100001101011001000101 57.106529
111011001101011110001100010001101110100010000001101101010 43.767751
010010110111000000111111101111011110111111111100000001110 28.286464
111011111110011111111001001011011001010101100111111111110 23.119764
010011010101011000101111100011101000010000011010101100110 48.685551
110110101101101010011001001011101110000111011000001001101 34.600204
011101011011001111010110011001110000100110001110010110001 54.891076
111100001111010010111110111100001111111100011111110001001 31.379768
100111000100011010011111100001000011111000100111001001101 39.178432
110000010011110011101111010001111111111101111001010100110 19.110543
010011001000010110110001011001100100111101001111100000101 30.024809
000101110100111011001110110001010101111100100010000110111 40.200377
000111100001100100001011001011111010101110110101000001001 24.500232
001111010100011100001001011000000100010000101100000011110 52.353941
101110010100110110101101111101111000110001111000011010110 47.515473
110100011000010000011101110000110111111111001110111001011 7.304243
