 0.000003 0.000003 0.000001 0.000003 0.000001 0.000001 0.000002 0.000002 0.000002 0.000001 0.000001 0.000001 0.000002 0.000001 0.000002 0.000002 0.000001 0.000001 0.000002 0.000001
 0.000003 0.000001 0.000001 0.000002 0.000001 0.000003 0.000002 0.000002 0.000001 0.000002 0.000002 0.000001 0.000001 0.000002 0.000002 0.000001 0.000001 0.000001 0.000001 0.000001
 0.000006 0.000001 0.000003 0.000004 0.000006 0.000001 0.000002 0.000005 0.000002 0.000001 0.000001 0.000006 0.000002 0.000002 0.000005 0.000002 0.000003 0.000006 0.000001 0.000001
 0.000002 0.000003 0.000005 0.000006 0.000006 0.000006 0.000002 0.000004 0.000007 0.000004 0.000001 0.000001 0.000002 0.000006 0.000003 0.000006 0.000001 0.000001 0.000003 0.000002
 0.000006 0.000010 0.000001 0.000008 0.000002 0.000003 0.000006 0.000003 0.000001 0.000003 0.000001 0.000002 0.000005 0.000005 0.000001 0.000009 0.000002 0.000003 0.000009 0.000004
 0.000012 0.000013 0.000020 0.000020 0.000021 0.000008 0.000013 0.000006 0.000006 0.000013 0.000010 0.000002 0.000002 0.000006 0.000016 0.000015 0.000002 0.000009 0.000013 0.000014
 0.000002 0.000023 0.000006 0.000003 0.000011 0.000008 0.000007 0.000005 0.000005 0.000010 0.000001 0.000004 0.000012 0.000008 0.000005 0.000001 0.000009 0.000010 0.000002 0.000005
 0.000022 0.000024 0.000002 0.000010 0.000002 0.000004 0.000008 0.000005 0.000002 0.000011 0.000005 0.000006 0.000005 0.000006 0.000018 0.000015 0.000003 0.000004 0.000005 0.000012
 0.000011 0.000024 0.000018 0.000086 0.000090 0.000060 0.000007 0.000017 0.000008 0.000045 0.000034 0.000118 0.000042 0.000153 0.000077 0.000021 0.000002 0.000017 0.000093 0.000053
 0.000267 0.000062 0.000042 0.000040 0.000089 0.000109 0.000023 0.000230 0.000106 0.000331 0.000062 0.000226 0.000077 0.000032 0.000093 0.000017 0.000132 0.000230 0.000250 0.000064
 0.000019 0.000177 0.000373 0.000217 0.000121 0.000151 0.000315 0.000063 0.000432 0.000331 0.000036 0.000165 0.000117 0.000183 0.000187 0.000134 0.000223 0.000099 0.000192 0.000282
 0.000081 0.000090 0.000146 0.000374 0.000016 0.000285 0.000278 0.000033 0.000424 0.000197 0.000398 0.000165 0.000224 0.000014 0.000402 0.000228 0.000017 0.000130 0.000149 0.000157
 0.000756 0.001841 0.000806 0.000467 0.000364 0.001814 0.000422 0.001191 0.000901 0.001562 0.000276 0.000700 0.001672 0.000548 0.000698 0.000267 0.000195 0.001680 0.000209 0.000868
 0.000663 0.001428 0.000606 0.000462 0.001194 0.000180 0.003172 0.004084 0.002036 0.000873 0.000559 0.000615 0.001032 0.001735 0.000203 0.003852 0.000665 0.001365 0.002854 0.002579
 0.000035 0.000967 0.001953 0.000196 0.001473 0.001625 0.000174 0.001747 0.001003 0.000859 0.002249 0.002666 0.003030 0.001790 0.002516 0.001050 0.000437 0.000707 0.002235 0.000028
 0.004841 0.002276 0.010120 0.004236 0.001390 0.001383 0.007272 0.001358 0.003007 0.012744 0.000464 0.005477 0.003817 0.007333 0.009758 0.011640 0.000125 0.000215 0.011539 0.001894
 0.002384 0.013141 0.001657 0.002812 0.011652 0.003936 0.007259 0.011307 0.007703 0.001626 0.002877 0.010778 0.010147 0.008496 0.003479 0.003074 0.007284 0.013059 0.000664 0.006493
 0.053313 0.024357 0.004459 0.022333 0.041849 0.029304 0.072119 0.024831 0.024368 0.048228 0.050717 0.013010 0.004358 0.046420 0.002337 0.047212 0.005129 0.011942 0.052515 0.020736
 0.004421 0.008950 0.053893 0.039558 0.032430 0.008610 0.003442 0.059713 0.024439 0.019346 0.029371 0.047194 0.002376 0.050756 0.055638 0.042784 0.046954 0.082057 0.017907 0.045653
 0.021587 0.117970 0.101830 0.021238 0.010162 0.112511 0.035792 0.011209 0.066577 0.015570 0.034448 0.036166 0.000993 0.010154 0.011132 0.036893 0.072717 0.002767 0.006498 0.011340
 0.167405 0.180331 0.052760 0.155189 0.109697 0.217461 0.150300 0.177406 0.354386 0.251819 0.112543 0.218567 0.028618 0.095258 0.063466 0.106225 0.035899 0.014971 0.027106 0.027586
 0.152593 0.185190 0.012498 0.003660 0.045654 0.072814 0.123472 0.007066 0.001702 0.002417 0.064553 0.011640 0.007516 0.022189 0.010222 0.012213 0.006852 0.018009 0.178572 0.096925
 0.269059 0.034221 0.450245 0.125048 0.628067 0.110665 0.041895 0.307649 0.339913 0.514827 0.218967 0.333493 0.001217 0.323450 0.490418 0.191426 0.348523 0.071602 0.331304 0.083945
