 0.000007 0.000006 0.000003 0.000001 0.000003 0.000004 0.000002 0.000009 0.000002 0.000001 0.000005 0.000007 0.000008 0.000004 0.000002 0.000005 0.000006 0.000005 0.000011 0.000009
 0.000007 0.000016 0.000016 0.000019 0.000012 0.000014 0.000009 0.000013 0.000012 0.000009 0.000016 0.000003 0.000021 0.000003 0.000020 0.000007 0.000010 0.000004 0.000006 0.000010
 0.000012 0.000018 0.000030 0.000008 0.000033 0.000029 0.000031 0.000019 0.000033 0.000038 0.000025 0.000012 0.000007 0.000037 0.000001 0.000041 0.000007 0.000040 0.000038 0.000019
 0.000032 0.000031 0.000027 0.000038 0.000075 0.000069 0.000078 0.000061 0.000075 0.000073 0.000058 0.000084 0.000012 0.000074 0.000023 0.000055 0.000060 0.000083 0.000036 0.000073
 0.000011 0.000039 0.000073 0.000130 0.000120 0.000185 0.000093 0.000037 0.000130 0.000146 0.000056 0.000144 0.000095 0.000072 0.000011 0.000106 0.000032 0.000078 0.000113 0.000154
 0.000184 0.000006 0.000018 0.000254 0.000264 0.000292 0.000117 0.000122 0.000223 0.000318 0.000041 0.000252 0.000132 0.000174 0.000097 0.000030 0.000104 0.000152 0.000088 0.000066
 0.000671 0.000038 0.000335 0.000517 0.000090 0.000393 0.000375 0.000318 0.000345 0.000170 0.000511 0.000258 0.000506 0.000487 0.000004 0.000126 0.000222 0.000122 0.000577 0.000248
 0.000769 0.000392 0.000322 0.000047 0.001146 0.001367 0.000093 0.001360 0.000334 0.000081 0.000268 0.000264 0.001301 0.000469 0.000382 0.000329 0.000718 0.000726 0.001070 0.000664
 0.002757 0.002457 0.001029 0.002043 0.000250 0.002068 0.000559 0.002576 0.002017 0.002676 0.001861 0.000422 0.002451 0.001021 0.001550 0.001263 0.001348 0.000148 0.001720 0.000229
 0.000415 0.004460 0.004894 0.004086 0.002646 0.004366 0.003004 0.004753 0.005248 0.002988 0.001855 0.001765 0.001645 0.003797 0.003624 0.003113 0.002132 0.004800 0.001265 0.005352
 0.006769 0.006711 0.010751 0.007886 0.005387 0.007037 0.007200 0.009288 0.004397 0.005603 0.001694 0.009467 0.006291 0.007064 0.001978 0.007480 0.009179 0.004931 0.010292 0.006508
 0.006282 0.018813 0.017987 0.019992 0.017205 0.004164 0.013594 0.007125 0.015240 0.016844 0.012100 0.019875 0.016308 0.012919 0.012045 0.013029 0.006749 0.016611 0.005499 0.012060
 0.037616 0.010336 0.000918 0.041716 0.006895 0.019208 0.022401 0.027352 0.026768 0.012276 0.021475 0.038504 0.022059 0.011096 0.037523 0.009744 0.014158 0.028478 0.040353 0.039045
 0.059596 0.063945 0.025349 0.045696 0.067868 0.082251 0.059166 0.046990 0.048418 0.086653 0.017960 0.078795 0.011523 0.013147 0.059475 0.024845 0.085727 0.043642 0.055743 0.002514
 0.085194 0.115292 0.004465 0.149114 0.009051 0.134855 0.113770 0.099828 0.041875 0.024159 0.079602 0.022335 0.116697 0.118753 0.029145 0.081632 0.048473 0.145914 0.034853 0.128750
 0.157950 0.336663 0.127511 0.247982 0.034379 0.292230 0.320718 0.102980 0.063809 0.166582 0.250198 0.303094 0.146467 0.322440 0.091419 0.342079 0.090195 0.333582 0.272004 0.079450
 0.085101 0.682822 0.688733 0.453006 0.699240 0.618745 0.289469 0.107209 0.406248 0.445601 0.026151 0.460831 0.434185 0.504036 0.016630 0.501305 0.613710 0.583120 0.496629 0.373444
 0.285124 0.130053 1.199968 0.650040 1.239294 0.922457 0.834424 0.788593 0.933219 0.351637 1.235167 0.606334 0.672318 1.364636 0.663376 1.124409 0.999928 1.339685 0.486283 0.324654
 1.765836 1.417027 0.544565 1.888078 2.099837 0.659477 2.245650 2.128853 2.030950 2.310199 1.371578 1.512184 0.548798 2.366416 1.259892 0.903936 1.694028 1.118530 1.641389 0.358578
 4.839805 4.549605 2.145980 4.199163 0.674203 3.580907 4.612934 2.806550 5.687800 1.588027 3.724465 2.309949 6.013134 4.990645 2.996281 3.002496 0.645865 3.900841 4.933377 3.360272
 4.946813 2.792036 3.201333 10.217617 2.115195 9.692892 3.953191 7.948285 10.886970 8.049623 1.897260 4.370188 8.767258 1.753858 0.450042 5.812998 1.670013 0.309520 2.747526 10.112808
 1.858798 15.434827 1.639400 6.025390 0.116896 6.244366 12.402389 18.008764 8.389926 1.416904 11.106269 20.451164 6.529322 15.219935 8.215042 7.597123 14.879622 6.732725 14.496859 5.393584
 37.843624 19.256843 12.197525 40.176965 45.029630 37.879437 27.065536 11.855930 3.157014 27.070886 3.640948 2.757996 13.629107 19.547536 21.896691 6.103545 30.541320 43.597551 24.679990 11.514784