 0.000001 0.000001 0.000001 0.000001 0.000001 0.000001 0.000001 0.000001 0.000001 0.000001 0.000001 0.000001 0.000001 0.000001 0.000001 0.000001 0.000001 0.000001 0.000001 0.000001
 0.000001 0.000001 0.000001 0.000001 0.000001 0.000001 0.000001 0.000001 0.000001 0.000001 0.000001 0.000001 0.000001 0.000001 0.000001 0.000001 0.000001 0.000001 0.000001 0.000001
 0.000001 0.000001 0.000001 0.000001 0.000001 0.000001 0.000001 0.000001 0.000001 0.000001 0.000001 0.000001 0.000001 0.000001 0.000001 0.000001 0.000001 0.000001 0.000001 0.000001
 0.000001 0.000001 0.000001 0.000001 0.000001 0.000001 0.000001 0.000001 0.000001 0.000001 0.000001 0.000001 0.000001 0.000001 0.000001 0.000001 0.000001 0.000001 0.000001 0.000001
 0.000001 0.000001 0.000001 0.000001 0.000001 0.000001 0.000001 0.000001 0.000001 0.000001 0.000001 0.000001 0.000001 0.000001 0.000001 0.000001 0.000001 0.000001 0.000001 0.000001
 0.000001 0.000001 0.000001 0.000002 0.000001 0.000001 0.000001 0.000001 0.000001 0.000001 0.000001 0.000001 0.000001 0.000001 0.000002 0.000001 0.000001 0.000001 0.000001 0.000001
 0.000001 0.000001 0.000001 0.000001 0.000001 0.000001 0.000001 0.000001 0.000001 0.000001 0.000001 0.000001 0.000002 0.000001 0.000001 0.000001 0.000001 0.000001 0.000001 0.000001
 0.000002 0.000002 0.000001 0.000002 0.000001 0.000001 0.000002 0.000001 0.000001 0.000001 0.000001 0.000001 0.000001 0.000001 0.000002 0.000001 0.000001 0.000002 0.000001 0.000001
 0.000002 0.000001 0.000001 0.000004 0.000001 0.000002 0.000001 0.000002 0.000001 0.000001 0.000002 0.000002 0.000004 0.000004 0.000002 0.000001 0.000001 0.000002 0.000002 0.000001
 0.000003 0.000004 0.000002 0.000002 0.000002 0.000002 0.000004 0.000003 0.000003 0.000004 0.000003 0.000003 0.000003 0.000002 0.000004 0.000003 0.000004 0.000005 0.000005 0.000003
 0.000003 0.000003 0.000002 0.000004 0.000002 0.000002 0.000005 0.000003 0.000004 0.000005 0.000002 0.000004 0.000006 0.000003 0.000003 0.000005 0.000003 0.000003 0.000004 0.000003
 0.000002 0.000001 0.000007 0.000007 0.000002 0.000007 0.000008 0.000002 0.000006 0.000007 0.000003 0.000003 0.000006 0.000001 0.000005 0.000004 0.000003 0.000009 0.000002 0.000005
 0.000005 0.000004 0.000008 0.000005 0.000006 0.000008 0.000007 0.000003 0.000006 0.000007 0.000003 0.000007 0.000014 0.000006 0.000007 0.000003 0.000002 0.000006 0.000005 0.000006
 0.000004 0.000009 0.000012 0.000010 0.000009 0.000001 0.000015 0.000005 0.000008 0.000008 0.000009 0.000005 0.000016 0.000014 0.000011 0.000007 0.000010 0.000008 0.000016 0.000013
 0.000006 0.000014 0.000016 0.000010 0.000011 0.000013 0.000008 0.000004 0.000015 0.000012 0.000016 0.000012 0.000021 0.000012 0.000011 0.000011 0.000011 0.000009 0.000014 0.000005
 0.000024 0.000030 0.000025 0.000009 0.000012 0.000015 0.000017 0.000015 0.000021 0.000027 0.000006 0.000025 0.000024 0.000022 0.000030 0.000017 0.000014 0.000010 0.000031 0.000034
 0.000021 0.000051 0.000043 0.000026 0.000037 0.000018 0.000029 0.000014 0.000039 0.000038 0.000036 0.000053 0.000025 0.000027 0.000036 0.000035 0.000034 0.000020 0.000017 0.000036
 0.000039 0.000043 0.000018 0.000012 0.000029 0.000023 0.000019 0.000040 0.000030 0.000008 0.000025 0.000030 0.000018 0.000011 0.000009 0.000021 0.000018 0.000028 0.000041 0.000030
 0.000006 0.000049 0.000089 0.000060 0.000077 0.000006 0.000036 0.000031 0.000013 0.000051 0.000022 0.000078 0.000025 0.000082 0.000083 0.000100 0.000072 0.000097 0.000086 0.000050
 0.000074 0.000113 0.000077 0.000051 0.000085 0.000073 0.000049 0.000073 0.000067 0.000016 0.000013 0.000072 0.000034 0.000033 0.000076 0.000178 0.000036 0.000066 0.000030 0.000080
 0.000139 0.000095 0.000059 0.000049 0.000033 0.000069 0.000078 0.000062 0.000315 0.000091 0.000123 0.000092 0.000028 0.000063 0.000067 0.000054 0.000066 0.000117 0.000071 0.000057
 0.000155 0.000174 0.000162 0.000142 0.000167 0.000084 0.000133 0.000034 0.000134 0.000067 0.000141 0.000098 0.000063 0.000141 0.000115 0.000042 0.000069 0.000106 0.000131 0.000098
 0.000080 0.000163 0.000230 0.000206 0.000114 0.000073 0.000079 0.000096 0.000227 0.000081 0.000160 0.000116 0.000066 0.000169 0.000158 0.000202 0.000283 0.000066 0.000240 0.000019
 0.000259 0.000102 0.000520 0.000208 0.000211 0.000199 0.000140 0.000342 0.000241 0.000293 0.000194 0.000021 0.000380 0.000062 0.000411 0.000080 0.000177 0.000185 0.000219 0.000412
 0.000282 0.000131 0.000259 0.000066 0.000573 0.000160 0.000151 0.000491 0.000345 0.000173 0.000262 0.000261 0.000325 0.000315 0.000498 0.000328 0.000167 0.000585 0.000113 0.000206
 0.000111 0.000498 0.000666 0.000954 0.000285 0.000268 0.000592 0.000587 0.000313 0.000241 0.000382 0.001030 0.000718 0.000623 0.000317 0.000202 0.000538 0.000463 0.000041 0.000275
 0.000193 0.001202 0.000351 0.000210 0.001114 0.000240 0.000768 0.001247 0.000399 0.001180 0.000495 0.000426 0.000290 0.000905 0.000358 0.000460 0.000698 0.000785 0.000833 0.000283
 0.001200 0.001033 0.001158 0.001408 0.001391 0.001121 0.001402 0.001117 0.000810 0.000323 0.000208 0.000715 0.001059 0.000818 0.001248 0.001340 0.001240 0.000600 0.001580 0.001239
 0.002087 0.001439 0.000500 0.000236 0.001662 0.000286 0.001876 0.001356 0.001007 0.002030 0.001668 0.002029 0.001279 0.002102 0.001324 0.000893 0.001535 0.000546 0.001591 0.002418
 0.000468 0.000695 0.001409 0.000751 0.003662 0.003852 0.002188 0.001692 0.000474 0.000292 0.001716 0.000726 0.002663 0.003357 0.004601 0.000432 0.001654 0.002045 0.004188 0.002515
 0.002524 0.003150 0.001309 0.002252 0.004405 0.006077 0.005033 0.003208 0.001540 0.003541 0.003165 0.003347 0.005122 0.003518 0.002450 0.003498 0.001141 0.004410 0.004232 0.004157
 0.003234 0.003724 0.002165 0.006898 0.006647 0.005538 0.007266 0.003770 0.006868 0.003816 0.005665 0.004390 0.006169 0.004038 0.003978 0.007523 0.002636 0.008517 0.003046 0.008942
 0.001932 0.003947 0.000466 0.003183 0.005478 0.001503 0.002766 0.003940 0.005029 0.012734 0.002858 0.004999 0.002894 0.006042 0.001286 0.010354 0.004573 0.004701 0.002985 0.003942
 0.004497 0.004288 0.005570 0.008598 0.003240 0.011091 0.001046 0.013510 0.014767 0.008271 0.015460 0.005744 0.010455 0.005375 0.016060 0.005999 0.003734 0.002960 0.016488 0.010818
 0.022355 0.014778 0.014263 0.017069 0.014913 0.011212 0.008441 0.016217 0.014971 0.007993 0.013714 0.011249 0.017405 0.006702 0.018234 0.011287 0.023548 0.007081 0.017239 0.015246
 0.010618 0.017464 0.015531 0.026244 0.021386 0.014526 0.033944 0.014186 0.009806 0.018469 0.024359 0.016275 0.005523 0.021968 0.015388 0.026820 0.013807 0.012479 0.018412 0.013008
 0.019103 0.056096 0.047157 0.029543 0.042600 0.031138 0.035399 0.021162 0.032710 0.009901 0.022620 0.052216 0.002201 0.022631 0.014907 0.016247 0.019236 0.014026 0.010714 0.013799
 0.058606 0.066553 0.068432 0.033630 0.044895 0.011415 0.039360 0.018254 0.033698 0.041003 0.047365 0.031703 0.004880 0.062622 0.033776 0.061432 0.038937 0.023942 0.024501 0.028637
 0.075127 0.026786 0.043086 0.045739 0.063180 0.051175 0.060706 0.048403 0.044164 0.112704 0.077343 0.072708 0.052229 0.042799 0.048014 0.081391 0.019157 0.016113 0.068767 0.044070
 0.044464 0.072675 0.033585 0.051064 0.053058 0.017830 0.111806 0.142835 0.053378 0.098686 0.029342 0.111066 0.051690 0.060347 0.015650 0.022139 0.086767 0.022991 0.105218 0.054179
 0.126727 0.051682 0.058029 0.098865 0.060795 0.119588 0.082976 0.103008 0.149610 0.091901 0.073721 0.107620 0.038986 0.171941 0.055136 0.099020 0.073234 0.153038 0.078000 0.146242
 0.146642 0.197265 0.170269 0.157532 0.212839 0.025780 0.132047 0.244671 0.217288 0.073344 0.183962 0.166269 0.160071 0.164513 0.286498 0.132447 0.116589 0.280910 0.143684 0.178730
 0.016393 0.138745 0.115661 0.092764 0.104238 0.123211 0.356209 0.216214 0.099633 0.269753 0.120423 0.250635 0.180563 0.137614 0.239180 0.193083 0.064931 0.163109 0.142461 0.354101
 0.106132 0.285098 0.461391 0.373125 0.363735 0.450477 0.229856 0.105711 0.119494 0.372850 0.555088 0.319038 0.471771 0.319110 0.287168 0.338171 0.567155 0.208096 0.237162 0.366417
 0.150352 0.344605 0.253510 0.249426 0.059756 0.551685 0.134685 0.414070 0.648479 0.446962 0.253888 0.361788 0.152974 0.226746 0.526765 0.522040 0.044317 0.067203 0.330073 0.229104
 0.834601 0.363369 0.343822 0.474329 0.600774 0.597071 0.255194 0.548461 0.909288 0.886328 0.804994 0.757270 0.628720 0.181811 1.044866 0.403532 0.268319 0.063834 0.133276 1.057254
 1.057512 0.711617 0.893667 0.835897 1.093856 0.774900 0.531188 0.841829 0.406692 0.190998 0.820943 0.676456 0.989193 0.877517 0.512858 1.067265 0.384418 0.386000 0.900137 0.383118
 1.525711 1.782361 0.173836 1.370430 1.460957 1.120504 0.705739 0.330377 1.471317 1.106560 2.014004 0.895488 1.397782 0.408069 0.968582 1.581732 0.635714 1.056556 1.866442 0.171707