 0.000002 0.000002 0.000001 0.000002 0.000001 0.000001 0.000001 0.000001 0.000002 0.000002 0.000001 0.000001 0.000002 0.000001 0.000002 0.000001 0.000002 0.000001 0.000001 0.000001
 0.000002 0.000001 0.000002 0.000002 0.000001 0.000001 0.000001 0.000002 0.000003 0.000002 0.000001 0.000002 0.000001 0.000002 0.000001 0.000002 0.000002 0.000002 0.000002 0.000001
 0.000004 0.000002 0.000001 0.000002 0.000003 0.000001 0.000001 0.000001 0.000003 0.000001 0.000002 0.000003 0.000003 0.000001 0.000003 0.000001 0.000002 0.000002 0.000001 0.000001
 0.000002 0.000001 0.000002 0.000004 0.000004 0.000004 0.000001 0.000003 0.000004 0.000002 0.000003 0.000002 0.000003 0.000003 0.000002 0.000003 0.000003 0.000002 0.000002 0.000002
 0.000006 0.000003 0.000001 0.000002 0.000002 0.000001 0.000004 0.000005 0.000004 0.000003 0.000002 0.000002 0.000003 0.000003 0.000003 0.000005 0.000002 0.000001 0.000004 0.000004
 0.000008 0.000011 0.000009 0.000009 0.000008 0.000001 0.000008 0.000002 0.000007 0.000005 0.000003 0.000004 0.000008 0.000009 0.000008 0.000005 0.000003 0.000003 0.000006 0.000007
 0.000007 0.000009 0.000004 0.000011 0.000013 0.000005 0.000008 0.000013 0.000004 0.000009 0.000003 0.000008 0.000011 0.000004 0.000007 0.000002 0.000010 0.000006 0.000004 0.000005
 0.000017 0.000019 0.000008 0.000012 0.000013 0.000017 0.000017 0.000014 0.000013 0.000003 0.000007 0.000005 0.000003 0.000007 0.000008 0.000010 0.000009 0.000009 0.000009 0.000008
 0.000020 0.000019 0.000014 0.000030 0.000005 0.000015 0.000010 0.000022 0.000004 0.000004 0.000011 0.000014 0.000030 0.000030 0.000013 0.000006 0.000017 0.000023 0.000017 0.000009
 0.000027 0.000036 0.000032 0.000013 0.000031 0.000020 0.000026 0.000032 0.000022 0.000038 0.000030 0.000026 0.000013 0.000017 0.000033 0.000033 0.000027 0.000027 0.000031 0.000021
 0.000032 0.000039 0.000025 0.000044 0.000025 0.000021 0.000055 0.000048 0.000040 0.000063 0.000030 0.000038 0.000059 0.000032 0.000031 0.000047 0.000039 0.000033 0.000048 0.000032
 0.000033 0.000025 0.000059 0.000061 0.000033 0.000061 0.000089 0.000016 0.000062 0.000088 0.000031 0.000024 0.000050 0.000019 0.000045 0.000046 0.000054 0.000084 0.000042 0.000060
 0.000049 0.000045 0.000096 0.000051 0.000072 0.000083 0.000088 0.000060 0.000060 0.000076 0.000057 0.000072 0.000141 0.000095 0.000125 0.000038 0.000045 0.000090 0.000076 0.000084
 0.000118 0.000089 0.000215 0.000111 0.000123 0.000010 0.000207 0.000050 0.000094 0.000159 0.000162 0.000095 0.000237 0.000133 0.000144 0.000075 0.000186 0.000130 0.000157 0.000139
 0.000155 0.000178 0.000247 0.000154 0.000118 0.000167 0.000101 0.000047 0.000185 0.000155 0.000191 0.000133 0.000230 0.000126 0.000117 0.000121 0.000109 0.000141 0.000195 0.000140
 0.000387 0.000318 0.000350 0.000201 0.000313 0.000356 0.000175 0.000372 0.000552 0.000341 0.000066 0.000349 0.000346 0.000356 0.000422 0.000208 0.000325 0.000109 0.000333 0.000403
 0.000335 0.000585 0.000595 0.000503 0.000491 0.000338 0.000380 0.000202 0.000485 0.000435 0.000417 0.000505 0.000359 0.000383 0.000470 0.000454 0.000605 0.000265 0.000269 0.000494
 0.000603 0.000661 0.000251 0.000362 0.000422 0.000550 0.000415 0.000520 0.000460 0.000186 0.000507 0.000702 0.000528 0.000317 0.000191 0.000398 0.000560 0.000520 0.000551 0.000890
 0.000096 0.001037 0.001618 0.001046 0.001203 0.000123 0.000769 0.000468 0.000307 0.000850 0.000578 0.001090 0.000807 0.001268 0.000655 0.001040 0.001304 0.001389 0.001204 0.000698
 0.001126 0.001737 0.001254 0.001234 0.001103 0.000937 0.000921 0.002005 0.001249 0.000219 0.000379 0.001083 0.001238 0.001288 0.000956 0.001666 0.000765 0.001328 0.001156 0.001890
 0.001997 0.001476 0.001540 0.000958 0.001207 0.001103 0.001388 0.001180 0.001995 0.001757 0.001844 0.001488 0.000466 0.001485 0.001118 0.001042 0.001196 0.002141 0.002111 0.001025
 0.002961 0.002811 0.003898 0.002873 0.004012 0.001538 0.002346 0.001389 0.003913 0.003008 0.002936 0.002175 0.001370 0.002379 0.002409 0.001076 0.001460 0.004431 0.002331 0.002874
 0.001816 0.003332 0.003445 0.003140 0.001816 0.001049 0.001711 0.002251 0.003659 0.001631 0.002664 0.002430 0.002761 0.003610 0.002459 0.002572 0.004500 0.001682 0.004537 0.000681
 0.004487 0.002526 0.007662 0.003324 0.002920 0.004871 0.003370 0.004650 0.005500 0.005792 0.003526 0.000331 0.005559 0.001854 0.006242 0.001908 0.005795 0.002631 0.003895 0.006093
 0.006088 0.004371 0.008182 0.002244 0.010008 0.004758 0.004885 0.008384 0.011355 0.004707 0.005009 0.005638 0.010797 0.006382 0.009140 0.010626 0.003127 0.010683 0.002385 0.004404
 0.001517 0.006628 0.011528 0.017166 0.002377 0.008802 0.008309 0.008243 0.006568 0.008609 0.008274 0.013996 0.013245 0.008966 0.004539 0.005245 0.009174 0.013145 0.001772 0.005094
 0.006245 0.021404 0.008328 0.003430 0.018970 0.008828 0.015065 0.021174 0.010231 0.020018 0.011522 0.014283 0.012480 0.015188 0.004783 0.006849 0.017256 0.015599 0.015202 0.006404
 0.018136 0.018353 0.019012 0.022870 0.031778 0.018591 0.028643 0.029683 0.014763 0.008726 0.007551 0.015885 0.027676 0.032723 0.021433 0.026897 0.020523 0.012497 0.029402 0.019847
 0.044302 0.028987 0.015103 0.009497 0.039654 0.007503 0.046013 0.024590 0.025129 0.037756 0.030740 0.038789 0.028655 0.037933 0.027837 0.021807 0.032147 0.024242 0.030466 0.049445
 0.010268 0.020883 0.041541 0.014961 0.062246 0.071532 0.049569 0.038779 0.019092 0.009833 0.055570 0.010047 0.044205 0.055824 0.085930 0.007234 0.053237 0.034740 0.069428 0.041602
 0.042891 0.083027 0.053776 0.035095 0.078145 0.096351 0.086424 0.075824 0.041949 0.063419 0.062440 0.059722 0.087129 0.060100 0.053977 0.085429 0.021806 0.070965 0.102294 0.069749
 0.058136 0.148935 0.060161 0.108257 0.111639 0.100015 0.166931 0.067292 0.112484 0.147585 0.114615 0.089162 0.174059 0.103748 0.068379 0.152461 0.104473 0.148644 0.051016 0.131677
 0.047504 0.130126 0.013288 0.104292 0.116133 0.035710 0.074210 0.128808 0.184483 0.235168 0.054050 0.117314 0.082300 0.133512 0.030654 0.261168 0.090585 0.143017 0.075729 0.108935
 0.083467 0.131367 0.224463 0.210051 0.078181 0.320851 0.037378 0.309304 0.264028 0.323207 0.267580 0.102709 0.318893 0.138132 0.342952 0.113813 0.126454 0.063509 0.292428 0.193670
 0.505236 0.423742 0.286754 0.387718 0.339016 0.218444 0.173608 0.384311 0.325536 0.245571 0.296347 0.260480 0.339260 0.275371 0.407571 0.234302 0.547372 0.179650 0.518643 0.453171
 0.374359 0.314299 0.300061 0.662243 0.515239 0.377425 0.913667 0.590150 0.211096 0.391242 0.579811 0.543947 0.234104 0.442908 0.474559 0.605630 0.499361 0.244097 0.466047 0.423460
 0.461573 1.043849 0.938479 0.568473 0.890396 0.591740 0.881702 0.483895 0.736708 0.283241 0.666576 1.000959 0.034296 0.876592 0.579288 0.631525 0.492496 0.659902 0.511931 0.291261
 1.175511 1.264425 1.514313 1.101581 0.992238 0.491180 0.808759 0.581696 0.862093 0.858107 1.444559 0.734734 0.215573 1.310058 0.718716 1.229205 1.248566 0.497982 0.779380 0.751467
 1.555171 0.750031 1.196574 1.590540 1.400412 1.047894 1.446177 1.299813 1.293775 2.198054 2.070893 1.779724 1.095028 0.851795 1.174680 2.018113 0.866006 0.753021 1.474592 0.976554
 1.432704 1.627404 0.992334 1.666345 1.076420 0.472636 2.118015 3.024246 1.776266 2.871356 0.602609 2.472280 1.117229 1.368767 0.348737 0.965126 2.742181 0.769575 2.866100 2.237412
 3.026219 1.910916 1.496312 2.305320 2.072348 4.611379 3.443755 2.737806 3.721619 3.273277 2.114058 3.027436 0.943852 4.007593 1.450709 2.961833 1.855262 4.311637 2.151769 3.542889
 3.310976 5.165157 4.618310 3.702287 5.020846 1.569249 2.843875 5.187990 6.499000 1.604069 4.833891 3.722860 7.250555 3.518227 6.413822 6.651384 4.663158 6.226888 5.491697 3.863564
 0.991526 4.366555 3.160751 4.323378 2.987043 3.469254 9.364907 7.801069 4.644420 7.315151 3.740182 6.655335 4.885320 4.273025 6.849206 5.228341 2.980057 5.076234 6.894159 9.391337
 6.405358 10.475010 12.913640 10.818859 9.349608 10.183796 11.064762 3.770822 3.705133 8.305974 13.326315 9.773745 10.190725 9.314963 6.498889 12.408858 16.379826 6.716499 12.757511 13.203723
 5.994783 14.673877 11.528685 7.816977 3.934212 17.841238 5.594770 16.569179 21.242647 14.420288 10.764593 15.685214 10.454693 11.654983 24.193248 17.629031 2.847921 2.731139 21.911561 8.126136
 31.094610 9.489741 23.350653 14.607830 14.717130 15.013525 7.288681 16.918640 24.787293 24.969338 26.324195 30.775007 15.244475 10.690430 35.097791 18.179810 18.185775 4.174332 3.194717 27.963815
 32.334578 29.317762 31.803728 24.661253 32.277704 29.648216 24.863531 36.686159 14.114977 13.555468 24.845886 26.237848 31.497426 31.341006 15.423313 42.092558 11.997457 23.209698 28.721152 21.890767
 55.309942 46.711277 12.333965 38.883204 57.106529 43.767751 28.286464 23.119764 48.685551 34.600204 54.891076 31.379768 39.178432 19.110543 30.024809 40.200377 24.500232 52.353941 47.515473 7.304243

