 0.000003 0.000001 0.000002 0.000002 0.000001 0.000003 0.000001 0.000002 0.000003 0.000003 0.000001 0.000001 0.000002 0.000002 0.000002 0.000002 0.000003 0.000001 0.000003 0.000001
 0.000002 0.000002 0.000001 0.000001 0.000001 0.000003 0.000002 0.000003 0.000002 0.000002 0.000003 0.000001 0.000001 0.000001 0.000002 0.000001 0.000002 0.000002 0.000001 0.000001
 0.000002 0.000005 0.000001 0.000002 0.000004 0.000002 0.000002 0.000001 0.000004 0.000004 0.000003 0.000002 0.000004 0.000003 0.000003 0.000001 0.000002 0.000002 0.000004 0.000001
 0.000008 0.000002 0.000003 0.000002 0.000005 0.000003 0.000003 0.000007 0.000001 0.000004 0.000007 0.000004 0.000006 0.000001 0.000009 0.000001 0.000001 0.000007 0.000001 0.000007
 0.000012 0.000010 0.000002 0.000004 0.000004 0.000005 0.000001 0.000006 0.000002 0.000001 0.000002 0.000010 0.000009 0.000001 0.000008 0.000004 0.000012 0.000005 0.000004 0.000011
 0.000005 0.000021 0.000016 0.000006 0.000005 0.000020 0.000003 0.000003 0.000002 0.000004 0.000012 0.000002 0.000009 0.000013 0.000011 0.000007 0.000010 0.000007 0.000005 0.000020
 0.000029 0.000005 0.000009 0.000019 0.000019 0.000010 0.000009 0.000016 0.000018 0.000003 0.000005 0.000021 0.000034 0.000003 0.000028 0.000027 0.000011 0.000009 0.000035 0.000019
 0.000033 0.000038 0.000022 0.000013 0.000017 0.000035 0.000019 0.000004 0.000002 0.000028 0.000028 0.000025 0.000002 0.000015 0.000014 0.000035 0.000002 0.000041 0.000019 0.000005
 0.000008 0.000008 0.000044 0.000034 0.000057 0.000027 0.000014 0.000008 0.000012 0.000015 0.000018 0.000007 0.000006 0.000007 0.000005 0.000013 0.000029 0.000003 0.000018 0.000010
 0.000047 0.000142 0.000121 0.000140 0.000231 0.000087 0.000255 0.000078 0.000174 0.000144 0.000055 0.000019 0.000067 0.000077 0.000060 0.000009 0.000120 0.000011 0.000143 0.000182
 0.000026 0.000130 0.000018 0.000011 0.000118 0.000021 0.000055 0.000087 0.000002 0.000021 0.000027 0.000051 0.000077 0.000062 0.000082 0.000037 0.000096 0.000019 0.000071 0.000035
 0.000015 0.000584 0.000365 0.000176 0.000093 0.000453 0.000755 0.000292 0.000149 0.000010 0.000446 0.000385 0.000252 0.000100 0.000076 0.000443 0.000116 0.000025 0.000559 0.000113
 0.000091 0.000134 0.000320 0.000256 0.001279 0.000213 0.001554 0.000639 0.000104 0.000612 0.000491 0.000391 0.000189 0.000105 0.000679 0.001565 0.001587 0.000449 0.000337 0.000678
 0.001036 0.002847 0.000549 0.003337 0.002442 0.001314 0.000588 0.003800 0.002655 0.002405 0.001738 0.002559 0.002681 0.002449 0.000243 0.002569 0.002004 0.002253 0.001777 0.003240
 0.000171 0.001972 0.002139 0.003467 0.001976 0.002520 0.001872 0.000407 0.003798 0.003451 0.004176 0.002535 0.000613 0.004088 0.001538 0.000861 0.003819 0.001497 0.001664 0.002144
 0.002887 0.013069 0.005565 0.003654 0.004543 0.012359 0.001278 0.000361 0.012990 0.005666 0.000353 0.004821 0.004620 0.000094 0.008098 0.002965 0.020529 0.009439 0.002666 0.010986
 0.001934 0.001416 0.005131 0.001650 0.001994 0.002213 0.003783 0.000099 0.000477 0.001913 0.002448 0.001064 0.002171 0.001307 0.004525 0.004368 0.002884 0.005436 0.001987 0.002712
 0.009791 0.004670 0.065215 0.015155 0.017872 0.020688 0.024689 0.023915 0.037419 0.062996 0.037181 0.008537 0.016566 0.003073 0.037219 0.008287 0.030328 0.014802 0.005499 0.011580
 0.011268 0.020858 0.017917 0.027356 0.005338 0.006571 0.002075 0.003504 0.007853 0.008230 0.020754 0.002788 0.014766 0.001726 0.012739 0.006736 0.009119 0.008585 0.003777 0.017869
 0.002303 0.024729 0.053112 0.013398 0.090427 0.044072 0.031422 0.100768 0.042601 0.002640 0.001258 0.099781 0.056939 0.038987 0.052572 0.063181 0.047116 0.060808 0.007252 0.032270
 0.068205 0.069915 0.054267 0.158922 0.107572 0.005334 0.144532 0.198582 0.152359 0.174519 0.064458 0.114477 0.195080 0.030298 0.036447 0.071825 0.064951 0.161201 0.014057 0.078168
 0.246954 0.116076 0.391839 0.222186 0.246963 0.308988 0.247719 0.326644 0.279840 0.302222 0.130328 0.028241 0.404703 0.151128 0.203112 0.300195 0.296795 0.287583 0.137233 0.033284
 0.409612 0.024012 0.718361 0.554504 0.672550 0.108862 0.119528 0.598025 0.328711 0.125858 0.440690 0.586746 0.108171 0.293130 0.607333 0.806963 0.874575 0.002845 0.514511 0.106402


