 0.000004 0.000009 0.000006 0.000010 0.000003 0.000001 0.000011 0.000004 0.000009 0.000007 0.000008 0.000003 0.000006 0.000010 0.000003 0.000011 0.000009 0.000010 0.000001 0.000010
 0.000020 0.000013 0.000018 0.000008 0.000006 0.000020 0.000012 0.000010 0.000006 0.000002 0.000018 0.000016 0.000005 0.000010 0.000012 0.000011 0.000010 0.000012 0.000011 0.000015
 0.000012 0.000038 0.000003 0.000011 0.000034 0.000039 0.000039 0.000024 0.000031 0.000005 0.000002 0.000008 0.000001 0.000011 0.000019 0.000033 0.000033 0.000008 0.000020 0.000027
 0.000016 0.000018 0.000002 0.000080 0.000067 0.000026 0.000034 0.000003 0.000034 0.000076 0.000030 0.000079 0.000037 0.000019 0.000006 0.000082 0.000035 0.000010 0.000001 0.000047
 0.000059 0.000176 0.000025 0.000155 0.000150 0.000050 0.000002 0.000125 0.000006 0.000106 0.000011 0.000130 0.000119 0.000051 0.000157 0.000023 0.000158 0.000003 0.000144 0.000117
 0.000296 0.000014 0.000225 0.000028 0.000288 0.000295 0.000240 0.000195 0.000283 0.000268 0.000034 0.000169 0.000104 0.000026 0.000222 0.000328 0.000024 0.000297 0.000167 0.000176
 0.000459 0.000648 0.000473 0.000541 0.000499 0.000474 0.000037 0.000175 0.000028 0.000430 0.000567 0.000139 0.000018 0.000409 0.000383 0.000155 0.000657 0.000224 0.000440 0.000030
 0.001184 0.000481 0.000117 0.000082 0.000503 0.001290 0.000115 0.001299 0.001289 0.000931 0.001095 0.000992 0.001268 0.000793 0.000057 0.001270 0.000721 0.001342 0.001078 0.000896
 0.002623 0.002430 0.002005 0.002366 0.000097 0.002748 0.001292 0.002318 0.000878 0.001290 0.000896 0.001168 0.002522 0.001558 0.000512 0.001421 0.002535 0.002269 0.000155 0.000321
 0.002615 0.000265 0.002417 0.002538 0.003368 0.002969 0.001922 0.002035 0.001257 0.000060 0.004268 0.001015 0.003002 0.002098 0.003794 0.002369 0.002262 0.003198 0.005031 0.002132
 0.003408 0.002138 0.003249 0.006868 0.011021 0.009150 0.000678 0.006895 0.002132 0.005826 0.009040 0.010153 0.003381 0.005531 0.004013 0.005522 0.009251 0.007314 0.003856 0.002896
 0.008122 0.019452 0.002387 0.007213 0.007838 0.014989 0.005837 0.021148 0.004801 0.015056 0.009091 0.014552 0.004736 0.008257 0.009848 0.008063 0.001124 0.002343 0.004422 0.021608
 0.025477 0.020979 0.025757 0.026575 0.006845 0.017999 0.003359 0.013208 0.015466 0.001250 0.032074 0.041411 0.033970 0.010300 0.000990 0.004833 0.032042 0.029872 0.032788 0.011761
 0.004535 0.014547 0.033946 0.060569 0.087158 0.052797 0.065628 0.039741 0.009357 0.071129 0.041827 0.058478 0.003246 0.012373 0.075180 0.063986 0.014244 0.005914 0.000169 0.087308
 0.037468 0.054034 0.023345 0.102838 0.184236 0.157658 0.122032 0.160092 0.114635 0.000372 0.093793 0.019137 0.054927 0.102053 0.132550 0.056138 0.062640 0.081708 0.158549 0.011137
 0.170890 0.329620 0.186817 0.187863 0.272646 0.331766 0.308326 0.178883 0.156445 0.033678 0.081963 0.251476 0.223208 0.073973 0.326943 0.064972 0.008310 0.301796 0.099035 0.287607
 0.122950 0.047406 0.578246 0.074713 0.482745 0.596001 0.637712 0.615957 0.002360 0.078290 0.689232 0.104209 0.106876 0.127181 0.453021 0.398761 0.592576 0.233659 0.540513 0.306572
 0.479148 1.413008 0.540038 0.377869 0.581828 0.445661 0.411754 1.263733 1.399540 0.565599 0.915104 0.292313 0.521661 0.662643 1.168176 1.097415 1.200539 1.200868 1.149882 0.784414
 2.093618 2.246813 2.052705 2.565395 0.656202 0.183706 1.715847 0.502384 0.001539 2.077415 0.826367 2.007793 1.242874 0.420458 2.694789 2.666430 1.408425 2.301392 2.972529 0.287434
 5.375948 0.240806 3.614322 5.078197 0.741190 1.763215 0.055886 0.945794 4.174611 1.992197 2.483324 2.889464 0.880684 2.326365 4.535358 2.315083 2.998402 1.385195 5.507326 0.835826
 6.959392 2.416186 6.392399 5.891735 6.650602 8.245314 3.368751 11.491948 1.380068 1.886414 5.476095 1.096367 4.618035 9.445965 8.033726 7.011407 6.739532 10.662278 2.966935 1.721101
 2.783051 21.257283 2.020899 22.223605 4.251678 13.890136 16.514720 3.130297 4.196705 22.259986 7.567648 6.486270 5.808471 0.599071 15.078741 11.645541 16.613402 11.432645 17.266728 18.025670
 46.892541 17.074616 44.144779 32.636190 27.945208 19.559833 23.005374 39.158415 41.167210 25.662816 17.377473 41.051461 22.682365 7.093962 15.834912 33.168820 21.175369 5.073734 38.352669 14.285397
