 0.000003 0.000002 0.000002 0.000002 0.000002 0.000003 0.000002 0.000002 0.000003 0.000003 0.000003 0.000003 0.000004 0.000002 0.000002 0.000002 0.000003 0.000003 0.000003 0.000002
 0.000003 0.000003 0.000002 0.000002 0.000002 0.000003 0.000003 0.000003 0.000003 0.000003 0.000002 0.000002 0.000002 0.000002 0.000003 0.000002 0.000002 0.000003 0.000002 0.000003
 0.000003 0.000003 0.000002 0.000002 0.000003 0.000003 0.000003 0.000002 0.000003 0.000002 0.000003 0.000003 0.000003 0.000002 0.000003 0.000003 0.000003 0.000003 0.000002 0.000002
 0.000003 0.000003 0.000003 0.000003 0.000004 0.000003 0.000002 0.000004 0.000002 0.000003 0.000003 0.000003 0.000003 0.000003 0.000004 0.000002 0.000002 0.000004 0.000003 0.000004
 0.000004 0.000003 0.000003 0.000003 0.000003 0.000003 0.000003 0.000003 0.000003 0.000003 0.000003 0.000004 0.000003 0.000002 0.000002 0.000003 0.000004 0.000004 0.000003 0.000003
 0.000004 0.000007 0.000005 0.000006 0.000003 0.000007 0.000002 0.000003 0.000003 0.000003 0.000006 0.000003 0.000004 0.000004 0.000004 0.000003 0.000006 0.000006 0.000002 0.000006
 0.000005 0.000005 0.000003 0.000005 0.000004 0.000005 0.000006 0.000006 0.000005 0.000003 0.000006 0.000007 0.000007 0.000003 0.000007 0.000004 0.000004 0.000004 0.000007 0.000006
 0.000004 0.000003 0.000007 0.000004 0.000007 0.000004 0.000007 0.000005 0.000006 0.000010 0.000007 0.000006 0.000006 0.000007 0.000009 0.000009 0.000003 0.000006 0.000006 0.000003
 0.000005 0.000003 0.000005 0.000006 0.000008 0.000008 0.000005 0.000006 0.000005 0.000007 0.000009 0.000005 0.000005 0.000004 0.000004 0.000006 0.000005 0.000003 0.000007 0.000007
 0.000009 0.000010 0.000023 0.000013 0.000025 0.000017 0.000019 0.000007 0.000005 0.000017 0.000020 0.000008 0.000012 0.000016 0.000008 0.000003 0.000010 0.000004 0.000007 0.000013
 0.000004 0.000012 0.000008 0.000009 0.000007 0.000007 0.000012 0.000015 0.000009 0.000016 0.000009 0.000007 0.000012 0.000012 0.000011 0.000016 0.000009 0.000009 0.000013 0.000015
 0.000007 0.000029 0.000032 0.000013 0.000011 0.000012 0.000041 0.000021 0.000024 0.000026 0.000033 0.000015 0.000030 0.000020 0.000021 0.000030 0.000022 0.000018 0.000014 0.000018
 0.000013 0.000021 0.000025 0.000007 0.000082 0.000030 0.000036 0.000007 0.000007 0.000024 0.000023 0.000041 0.000018 0.000014 0.000024 0.000049 0.000032 0.000017 0.000007 0.000046
 0.000076 0.000054 0.000006 0.000024 0.000033 0.000033 0.000028 0.000074 0.000033 0.000020 0.000064 0.000039 0.000045 0.000070 0.000021 0.000028 0.000071 0.000040 0.000063 0.000039
 0.000008 0.000024 0.000027 0.000071 0.000020 0.000053 0.000084 0.000078 0.000063 0.000108 0.000079 0.000033 0.000035 0.000079 0.000042 0.000063 0.000053 0.000077 0.000031 0.000094
 0.000006 0.000093 0.000150 0.000100 0.000064 0.000019 0.000076 0.000010 0.000037 0.000043 0.000064 0.000032 0.000059 0.000029 0.000105 0.000040 0.000146 0.000084 0.000068 0.000081
 0.000084 0.000068 0.000108 0.000068 0.000035 0.000074 0.000109 0.000052 0.000058 0.000077 0.000105 0.000088 0.000025 0.000044 0.000030 0.000042 0.000099 0.000049 0.000128 0.000052
 0.000119 0.000056 0.000243 0.000174 0.000144 0.000053 0.000102 0.000073 0.000131 0.000123 0.000132 0.000166 0.000130 0.000123 0.000152 0.000107 0.000022 0.000154 0.000055 0.000099
 0.000090 0.000130 0.000072 0.000157 0.000028 0.000038 0.000039 0.000023 0.000077 0.000061 0.000159 0.000086 0.000035 0.000087 0.000025 0.000099 0.000137 0.000043 0.000096 0.000056
 0.000200 0.000153 0.000090 0.000054 0.000050 0.000131 0.000052 0.000123 0.000107 0.000091 0.000005 0.000155 0.000146 0.000094 0.000164 0.000078 0.000111 0.000053 0.000041 0.000071
 0.000150 0.000106 0.000146 0.000116 0.000169 0.000036 0.000141 0.000179 0.000113 0.000223 0.000099 0.000045 0.000179 0.000060 0.000074 0.000075 0.000121 0.000157 0.000034 0.000136
 0.000032 0.000030 0.000201 0.000191 0.000085 0.000112 0.000065 0.000155 0.000117 0.000161 0.000146 0.000185 0.000024 0.000234 0.000131 0.000194 0.000069 0.000046 0.000180 0.000026
 0.000131 0.000129 0.000341 0.000247 0.000265 0.000060 0.000142 0.000151 0.000032 0.000068 0.000110 0.000112 0.000222 0.000134 0.000220 0.000221 0.000273 0.000069 0.000296 0.000128
 0.000514 0.000391 0.000304 0.000118 0.000379 0.000228 0.000219 0.000505 0.000303 0.000050 0.000224 0.000309 0.000431 0.000334 0.000284 0.000155 0.000192 0.000326 0.000088 0.000268
 0.000520 0.000623 0.000205 0.000355 0.000660 0.000387 0.000889 0.000367 0.000437 0.000392 0.000075 0.000108 0.000225 0.000158 0.000524 0.000473 0.000108 0.000331 0.000551 0.000238
 0.000289 0.000531 0.000099 0.001079 0.000707 0.000934 0.000681 0.000207 0.000102 0.000892 0.000652 0.000327 0.000524 0.001205 0.000603 0.000985 0.000064 0.000454 0.000560 0.000368
 0.000284 0.001641 0.000654 0.001168 0.000381 0.000084 0.000563 0.000769 0.000866 0.000956 0.001203 0.000326 0.001292 0.000572 0.000723 0.000389 0.000698 0.000478 0.000355 0.000124
 0.000530 0.000553 0.001132 0.001430 0.000799 0.001272 0.001595 0.001911 0.001014 0.000681 0.002022 0.001378 0.000879 0.001818 0.001213 0.001093 0.000793 0.000271 0.000764 0.002063
 0.001837 0.001355 0.000290 0.000019 0.000271 0.002407 0.000882 0.003277 0.001101 0.001358 0.000493 0.001366 0.001050 0.001211 0.000943 0.001656 0.000604 0.001210 0.001583 0.002398
 0.004558 0.004254 0.001355 0.003601 0.001759 0.001850 0.001884 0.001715 0.004109 0.002953 0.002523 0.004506 0.001199 0.001913 0.001031 0.004610 0.004460 0.001319 0.001990 0.002010
 0.000739 0.001158 0.005866 0.001662 0.002235 0.003245 0.002466 0.004972 0.001965 0.004964 0.003071 0.002621 0.002649 0.002457 0.000965 0.005831 0.002167 0.000820 0.002975 0.001201
 0.004220 0.007565 0.001435 0.004298 0.006378 0.008914 0.004228 0.005233 0.003816 0.009203 0.001380 0.005254 0.003617 0.001571 0.008395 0.008675 0.002263 0.006166 0.004733 0.009333
 0.007795 0.005904 0.005349 0.003135 0.003903 0.002517 0.008988 0.007952 0.008271 0.002449 0.003775 0.004627 0.009683 0.004072 0.003535 0.009113 0.009571 0.002118 0.007535 0.005828
 0.014248 0.013961 0.012682 0.001479 0.001128 0.007191 0.005135 0.006803 0.004523 0.005970 0.006726 0.009369 0.002997 0.011644 0.012829 0.008303 0.013403 0.006913 0.013826 0.011417
 0.011283 0.011956 0.013836 0.020762 0.008975 0.005860 0.019014 0.006227 0.009121 0.028772 0.004233 0.023299 0.019981 0.003475 0.010633 0.021770 0.009101 0.009623 0.012955 0.023523
 0.029182 0.019660 0.020878 0.018952 0.007134 0.010916 0.013291 0.019143 0.019391 0.003053 0.031885 0.009665 0.024172 0.017233 0.020709 0.009511 0.013078 0.032687 0.020427 0.008994
 0.027252 0.016754 0.023004 0.011538 0.009300 0.037819 0.036168 0.048942 0.031341 0.017694 0.007756 0.041398 0.037083 0.030356 0.044395 0.010748 0.036093 0.026756 0.029363 0.028457
 0.046535 0.032018 0.015157 0.044321 0.061012 0.017987 0.088009 0.049957 0.007477 0.018153 0.013356 0.048108 0.037144 0.036592 0.039404 0.067711 0.058285 0.051909 0.026416 0.014883
 0.030953 0.059493 0.033114 0.084472 0.032714 0.076208 0.012348 0.040510 0.107199 0.030356 0.076909 0.017507 0.064910 0.092633 0.085798 0.079742 0.050633 0.038166 0.020818 0.053119
 0.073918 0.061359 0.057232 0.035525 0.032181 0.088266 0.061276 0.061385 0.036852 0.112385 0.063457 0.027817 0.099063 0.049310 0.078723 0.066729 0.101201 0.088057 0.126503 0.075498
 0.161970 0.061374 0.109199 0.153924 0.104351 0.043277 0.070344 0.014687 0.056396 0.161449 0.112389 0.055485 0.102345 0.064441 0.025106 0.093797 0.101393 0.105712 0.064792 0.055908
 0.089228 0.102016 0.147680 0.187058 0.091970 0.274062 0.083214 0.311072 0.142246 0.234655 0.143093 0.260402 0.180681 0.204964 0.334202 0.147191 0.013642 0.043524 0.189087 0.137045
 0.186519 0.056213 0.214435 0.090847 0.127753 0.100696 0.102850 0.228811 0.115606 0.127854 0.052618 0.184350 0.245255 0.126262 0.150808 0.124577 0.030141 0.277374 0.263925 0.139629
 0.244777 0.199054 0.188128 0.171576 0.325939 0.249871 0.201562 0.264926 0.226492 0.406754 0.151422 0.630330 0.070176 0.213162 0.173608 0.198498 0.515910 0.578413 0.266270 0.232153
 0.261373 0.385693 0.090691 0.165077 0.505907 0.367432 0.439478 0.182098 0.469193 0.117065 0.394368 0.133129 0.099779 0.472944 0.224402 0.495103 0.474929 0.123864 0.351334 0.214690
 0.214482 0.922693 0.635248 0.988206 0.391412 0.319858 0.179042 1.281924 0.862874 0.384430 1.205638 1.083465 0.412261 0.460324 0.588266 0.997494 0.967240 0.517205 0.461276 0.628531
 0.643655 0.804597 0.748073 0.652894 0.075188 0.855465 0.921374 0.210460 0.914905 0.628950 0.684556 1.005788 0.897938 0.938026 0.427663 1.177365 0.284601 1.219153 1.038689 0.502827
 2.490988 1.988736 1.578918 1.961443 1.348550 1.328497 1.118782 2.070153 2.352736 1.065449 0.444085 0.746901 0.774267 2.629440 1.272312 0.423072 0.527644 0.201712 1.946146 1.101813
