 0.000006 0.000006 0.000005 0.000005 0.000004 0.000007 0.000002 0.000005 0.000007 0.000007 0.000007 0.000006 0.000006 0.000003 0.000003 0.000004 0.000005 0.000005 0.000007 0.000004
 0.000006 0.000008 0.000004 0.000003 0.000003 0.000006 0.000005 0.000006 0.000007 0.000010 0.000004 0.000004 0.000007 0.000006 0.000009 0.000004 0.000006 0.000007 0.000003 0.000007
 0.000010 0.000007 0.000005 0.000008 0.000006 0.000006 0.000005 0.000008 0.000007 0.000005 0.000009 0.000008 0.000010 0.000006 0.000007 0.000009 0.000008 0.000007 0.000005 0.000006
 0.000013 0.000006 0.000009 0.000008 0.000017 0.000011 0.000006 0.000016 0.000005 0.000008 0.000012 0.000008 0.000008 0.000009 0.000017 0.000004 0.000004 0.000010 0.000007 0.000010
 0.000027 0.000010 0.000016 0.000009 0.000014 0.000022 0.000014 0.000010 0.000020 0.000011 0.000011 0.000018 0.000012 0.000007 0.000004 0.000009 0.000018 0.000022 0.000009 0.000011
 0.000024 0.000037 0.000023 0.000026 0.000008 0.000038 0.000005 0.000011 0.000010 0.000012 0.000039 0.000015 0.000024 0.000018 0.000021 0.000010 0.000026 0.000037 0.000007 0.000026
 0.000022 0.000030 0.000011 0.000032 0.000016 0.000020 0.000031 0.000039 0.000037 0.000026 0.000038 0.000037 0.000041 0.000008 0.000045 0.000019 0.000024 0.000017 0.000039 0.000034
 0.000027 0.000017 0.000052 0.000026 0.000057 0.000018 0.000057 0.000054 0.000032 0.000057 0.000057 0.000012 0.000016 0.000016 0.000019 0.000021 0.000009 0.000016 0.000015 0.000003
 0.000028 0.000011 0.000019 0.000018 0.000034 0.000033 0.000016 0.000020 0.000015 0.000026 0.000036 0.000022 0.000020 0.000019 0.000025 0.000027 0.000014 0.000005 0.000024 0.000031
 0.000038 0.000025 0.000062 0.000042 0.000054 0.000030 0.000052 0.000026 0.000015 0.000039 0.000049 0.000028 0.000045 0.000037 0.000024 0.000004 0.000033 0.000012 0.000013 0.000033
 0.000019 0.000045 0.000027 0.000055 0.000022 0.000034 0.000053 0.000061 0.000037 0.000062 0.000037 0.000031 0.000051 0.000048 0.000054 0.000062 0.000039 0.000053 0.000053 0.000077
 0.000034 0.000083 0.000139 0.000036 0.000035 0.000035 0.000125 0.000089 0.000095 0.000084 0.000076 0.000029 0.000073 0.000045 0.000044 0.000105 0.000092 0.000095 0.000035 0.000046
 0.000101 0.000095 0.000099 0.000020 0.000232 0.000132 0.000127 0.000021 0.000037 0.000082 0.000094 0.000150 0.000053 0.000072 0.000082 0.000155 0.000094 0.000060 0.000019 0.000146
 0.000270 0.000169 0.000026 0.000092 0.000116 0.000136 0.000197 0.000258 0.000110 0.000118 0.000210 0.000160 0.000169 0.000232 0.000083 0.000104 0.000220 0.000138 0.000291 0.000155
 0.000029 0.000113 0.000122 0.000306 0.000094 0.000264 0.000327 0.000316 0.000251 0.000404 0.000305 0.000132 0.000177 0.000308 0.000166 0.000243 0.000220 0.000323 0.000113 0.000354
 0.000016 0.000417 0.000594 0.000405 0.000422 0.000112 0.000452 0.000099 0.000215 0.000162 0.000508 0.000172 0.000295 0.000171 0.000374 0.000245 0.000565 0.000437 0.000478 0.000312
 0.000788 0.000507 0.000843 0.000590 0.000240 0.000743 0.000678 0.000368 0.000658 0.000524 0.000761 0.000836 0.000320 0.000545 0.000198 0.000287 0.000646 0.000315 0.000695 0.000381
 0.001083 0.000477 0.001409 0.001188 0.000946 0.000414 0.000623 0.000683 0.000925 0.000635 0.000867 0.001324 0.000979 0.000948 0.000945 0.000650 0.000106 0.000802 0.000305 0.000768
 0.000939 0.001438 0.001072 0.001766 0.000632 0.000798 0.000892 0.000339 0.001145 0.001118 0.001585 0.001046 0.000499 0.001373 0.000511 0.000983 0.001474 0.000336 0.001113 0.000549
 0.001861 0.001444 0.000999 0.001413 0.000716 0.001582 0.001577 0.001799 0.001367 0.002247 0.000131 0.001869 0.002590 0.001187 0.002067 0.001113 0.001326 0.000624 0.000789 0.000859
 0.002788 0.002931 0.002921 0.002159 0.003856 0.001719 0.002575 0.003113 0.002164 0.003698 0.001746 0.001021 0.003614 0.001456 0.002225 0.002142 0.002246 0.002754 0.000564 0.002440
 0.001809 0.000644 0.004014 0.004115 0.003679 0.003048 0.002264 0.003192 0.002823 0.003322 0.004201 0.004560 0.001041 0.005075 0.003915 0.003848 0.002712 0.000956 0.006517 0.000764
 0.003530 0.003653 0.007609 0.007805 0.006532 0.003338 0.006712 0.003486 0.002027 0.003181 0.002715 0.002673 0.006497 0.003497 0.005198 0.005320 0.006565 0.004509 0.005902 0.003025
 0.011297 0.008794 0.009825 0.003627 0.010972 0.008113 0.004779 0.013270 0.006589 0.002418 0.009620 0.009457 0.010788 0.009300 0.008538 0.004795 0.010744 0.007237 0.003085 0.009300
 0.015500 0.013778 0.006204 0.008781 0.017057 0.012699 0.015419 0.010296 0.010715 0.013436 0.003826 0.007816 0.007641 0.006924 0.015226 0.011025 0.006053 0.008442 0.014331 0.009013
 0.012727 0.022810 0.002047 0.021962 0.018581 0.023621 0.025275 0.014037 0.007128 0.017906 0.019232 0.007905 0.014647 0.020534 0.024882 0.018962 0.002059 0.010823 0.023833 0.009592
 0.014429 0.037993 0.020045 0.027318 0.012089 0.002236 0.027037 0.017154 0.022495 0.024779 0.029308 0.007658 0.037026 0.014764 0.019194 0.020123 0.028338 0.018651 0.014971 0.007361
 0.027467 0.012348 0.022742 0.033594 0.018929 0.045828 0.035206 0.038189 0.026223 0.035254 0.045505 0.045549 0.031046 0.050083 0.038248 0.023426 0.015846 0.017724 0.021122 0.044987
 0.047028 0.045641 0.009838 0.000951 0.006672 0.066965 0.023286 0.081735 0.050980 0.049891 0.016700 0.037442 0.042989 0.033086 0.024876 0.044469 0.042155 0.050757 0.053201 0.071029
 0.123901 0.096422 0.051149 0.086465 0.042782 0.072056 0.055906 0.054554 0.102196 0.112051 0.061201 0.103549 0.053445 0.108983 0.058231 0.100691 0.125665 0.081685 0.057972 0.055693
 0.018780 0.036782 0.148184 0.087564 0.063331 0.088166 0.096895 0.168024 0.083782 0.134431 0.099935 0.075753 0.105270 0.106215 0.024218 0.154135 0.066425 0.035829 0.090012 0.036681
 0.093234 0.251474 0.077393 0.227214 0.264562 0.238003 0.154302 0.133412 0.113877 0.237864 0.043868 0.244123 0.095185 0.073963 0.195603 0.188456 0.071437 0.134509 0.114421 0.205633
 0.220940 0.240905 0.221960 0.162612 0.184083 0.083094 0.258657 0.240872 0.255893 0.127214 0.212846 0.137107 0.278686 0.114005 0.225748 0.262087 0.312015 0.061994 0.308987 0.252942
 0.532679 0.498057 0.411431 0.088908 0.029385 0.276559 0.337313 0.395383 0.290130 0.414103 0.166291 0.302558 0.077728 0.310267 0.319135 0.201880 0.446994 0.336834 0.332616 0.290024
 0.443464 0.313818 0.368906 0.652677 0.431376 0.348061 0.666404 0.235318 0.350183 0.759083 0.107614 0.659092 0.546855 0.193837 0.417085 0.572457 0.290357 0.262130 0.443918 0.654318
 0.879097 0.550126 0.589263 0.490199 0.452786 0.639228 0.816045 0.857504 0.536267 0.129696 0.830328 0.434564 1.066742 0.796674 0.607146 0.441901 0.434645 1.172946 0.494480 0.292850
 0.739560 0.983466 0.804920 0.450319 0.327939 1.240293 1.176446 1.503574 1.076983 0.874017 0.349131 1.546645 1.190336 1.071718 1.361400 0.854041 1.818438 0.912135 1.098573 0.953941
 1.675721 0.846645 0.738702 2.039037 1.958137 1.107097 2.553644 1.777040 0.389421 0.735491 0.352944 1.382179 1.157748 1.856523 1.170063 2.295437 1.857849 1.449043 1.030776 0.860386
 1.909577 2.176413 1.712504 2.638511 1.453114 3.365517 0.346937 1.835755 2.956328 1.414834 3.382159 0.792727 2.224556 2.743641 2.859398 2.707177 2.004684 1.335864 0.659073 1.606022
 3.590073 1.717424 1.746360 2.497912 1.382971 3.509158 1.904012 3.793220 2.130833 4.602680 2.033502 0.907580 4.446819 1.568128 2.596691 2.597763 3.238284 5.116586 4.428505 3.640955
 6.569908 2.968853 5.177069 5.867544 3.877596 1.515845 2.652384 1.279466 3.126267 5.886686 4.905215 2.516635 4.203982 4.223216 0.792599 3.914915 4.122021 5.074822 3.524941 2.542763
 3.763762 3.229160 7.081498 7.048253 2.794798 9.464008 5.075418 11.387422 6.276724 7.595718 6.057071 10.143138 7.390638 6.220883 10.001724 4.919661 0.384156 2.409007 5.843537 5.189242
 7.734230 3.863006 10.852439 5.628378 5.934528 6.095436 8.151187 8.876087 4.412108 7.613295 2.746903 8.535888 9.396071 6.368288 10.286155 5.524926 2.206031 10.494564 11.800929 6.934479
 9.098108 16.258337 7.309779 9.875284 13.176400 10.125150 13.974643 9.022313 15.646269 14.924824 4.194925 22.143375 3.245119 6.457743 5.357083 6.891269 14.830958 19.152985 7.273298 6.299615
 9.033266 23.665928 2.457654 5.090397 21.687646 17.040603 18.009968 6.663924 16.438160 4.481234 21.340163 8.956105 3.981048 21.721934 19.663465 21.799819 21.868911 8.098212 20.417912 15.787014
 16.906523 33.144934 33.645112 38.806268 17.228190 31.973619 7.372809 47.884406 31.398028 33.008171 49.588803 44.649729 34.249639 30.047040 21.590471 35.781311 51.762994 30.992096 17.081521 23.452756
 31.550729 30.141870 27.428526 27.995652 4.040127 41.319654 60.103095 19.112138 43.483615 31.036991 27.168005 66.743895 40.183717 69.421567 23.722812 59.124884 14.854448 49.141442 42.096806 19.911955
 93.834750 97.672651 103.299169 86.938528 85.055072 79.474311 43.956915 85.976715 93.534137 51.911340 18.708236 63.513535 34.809244 109.234075 46.040224 18.526016 19.547549 13.860942 100.888842 49.371962

