 0.000001 0.000001 0.000001 0.000001 0.000001 0.000001 0.000001 0.000001 0.000002 0.000002 0.000001 0.000002 0.000002 0.000001 0.000001 0.000001 0.000001 0.000001 0.000002 0.000001
 0.000001 0.000002 0.000001 0.000001 0.000001 0.000002 0.000001 0.000002 0.000002 0.000002 0.000001 0.000001 0.000002 0.000001 0.000002 0.000001 0.000001 0.000002 0.000001 0.000002
 0.000003 0.000002 0.000001 0.000002 0.000002 0.000001 0.000001 0.000002 0.000002 0.000001 0.000002 0.000002 0.000003 0.000001 0.000002 0.000002 0.000002 0.000002 0.000001 0.000002
 0.000003 0.000001 0.000002 0.000002 0.000004 0.000003 0.000001 0.000004 0.000001 0.000002 0.000003 0.000002 0.000002 0.000002 0.000004 0.000001 0.000001 0.000003 0.000002 0.000003
 0.000006 0.000002 0.000004 0.000002 0.000003 0.000006 0.000004 0.000003 0.000005 0.000003 0.000003 0.000004 0.000003 0.000002 0.000001 0.000002 0.000005 0.000006 0.000002 0.000003
 0.000006 0.000010 0.000005 0.000006 0.000002 0.000009 0.000001 0.000003 0.000021 0.000003 0.000026 0.000004 0.000019 0.000004 0.000005 0.000002 0.000006 0.000009 0.000002 0.000006
 0.000005 0.000007 0.000003 0.000008 0.000004 0.000005 0.000008 0.000009 0.000009 0.000006 0.000009 0.000009 0.000010 0.000002 0.000011 0.000005 0.000006 0.000004 0.000010 0.000008
 0.000007 0.000004 0.000012 0.000006 0.000014 0.000004 0.000014 0.000013 0.000008 0.000014 0.000014 0.000008 0.000011 0.000011 0.000013 0.000015 0.000006 0.000011 0.000007 0.000002
 0.000019 0.000008 0.000014 0.000013 0.000023 0.000023 0.000011 0.000014 0.000010 0.000018 0.000045 0.000014 0.000010 0.000009 0.000013 0.000014 0.000010 0.000004 0.000017 0.000023
 0.000028 0.000018 0.000045 0.000031 0.000039 0.000022 0.000039 0.000020 0.000011 0.000028 0.000036 0.000020 0.000034 0.000027 0.000018 0.000003 0.000025 0.000010 0.000009 0.000024
 0.000014 0.000032 0.000019 0.000040 0.000016 0.000024 0.000038 0.000042 0.000027 0.000044 0.000027 0.000022 0.000037 0.000034 0.000038 0.000044 0.000028 0.000039 0.000038 0.000054
 0.000024 0.000058 0.000159 0.000025 0.000025 0.000024 0.000089 0.000064 0.000069 0.000062 0.000053 0.000021 0.000053 0.000032 0.000031 0.000075 0.000066 0.000069 0.000025 0.000033
 0.000071 0.000070 0.000072 0.000014 0.000161 0.000092 0.000088 0.000015 0.000025 0.000058 0.000066 0.000107 0.000037 0.000052 0.000058 0.000108 0.000066 0.000041 0.000014 0.000103
 0.000193 0.000121 0.000018 0.000065 0.000084 0.000095 0.000147 0.000187 0.000079 0.000087 0.000151 0.000117 0.000123 0.000167 0.000107 0.000091 0.000156 0.000099 0.000212 0.000113
 0.000035 0.000080 0.000087 0.000212 0.000064 0.000184 0.000224 0.000235 0.000177 0.000282 0.000215 0.000092 0.000127 0.000217 0.000114 0.000172 0.000156 0.000229 0.000093 0.000263
 0.000012 0.000323 0.000437 0.000304 0.000319 0.000084 0.000349 0.000067 0.000151 0.000113 0.000364 0.000123 0.000220 0.000124 0.000273 0.000184 0.000418 0.000366 0.000344 0.000218
 0.000553 0.000371 0.000639 0.000448 0.000166 0.000526 0.000527 0.000256 0.000492 0.000402 0.000595 0.000589 0.000228 0.000385 0.000139 0.000204 0.000476 0.000245 0.000513 0.000284
 0.000792 0.000353 0.001018 0.000862 0.000713 0.000305 0.000441 0.000524 0.000695 0.000463 0.000633 0.001026 0.000698 0.000679 0.000704 0.000507 0.000081 0.000648 0.000211 0.000551
 0.000657 0.001001 0.000807 0.001329 0.000400 0.000553 0.000618 0.000233 0.000817 0.000873 0.001110 0.000765 0.000342 0.000994 0.000367 0.000725 0.001068 0.000252 0.000783 0.000379
 0.001334 0.001009 0.000715 0.001037 0.000504 0.001163 0.001159 0.001259 0.001020 0.001624 0.000092 0.001354 0.001937 0.000807 0.001401 0.000817 0.000904 0.000426 0.000550 0.000582
 0.001938 0.002191 0.002038 0.001457 0.002688 0.001143 0.001899 0.002153 0.001536 0.002615 0.001203 0.000775 0.002584 0.001114 0.001635 0.001512 0.001634 0.001966 0.000404 0.001777
 0.001332 0.000462 0.002945 0.003054 0.002702 0.002270 0.001643 0.002332 0.002026 0.002557 0.003084 0.003333 0.000763 0.003689 0.002895 0.002758 0.002026 0.000682 0.004774 0.000562
 0.002534 0.002617 0.005504 0.005650 0.004745 0.002349 0.004888 0.002613 0.001490 0.002337 0.001979 0.001927 0.004688 0.002455 0.003673 0.003766 0.004635 0.003272 0.004154 0.002138
 0.008028 0.006494 0.007149 0.002527 0.007867 0.005845 0.003379 0.009725 0.004804 0.001678 0.006917 0.006790 0.007649 0.006657 0.006869 0.003600 0.008020 0.005092 0.002246 0.006606
 0.011178 0.009765 0.004457 0.006233 0.012130 0.009125 0.011079 0.007168 0.007615 0.009714 0.002652 0.005367 0.005493 0.005047 0.011615 0.008030 0.004291 0.006256 0.010318 0.006656
 0.009306 0.016630 0.001517 0.016010 0.014223 0.017941 0.018517 0.010252 0.005286 0.012965 0.013968 0.005695 0.010669 0.014767 0.018074 0.013644 0.001463 0.007977 0.017393 0.006844
 0.009909 0.027023 0.014078 0.018705 0.008449 0.001538 0.018971 0.012057 0.015571 0.017371 0.020404 0.005197 0.025697 0.010324 0.013399 0.014231 0.019672 0.013109 0.010509 0.005208
 0.019448 0.008517 0.015730 0.023514 0.013182 0.032524 0.024558 0.026471 0.018363 0.024766 0.031811 0.031950 0.021815 0.035525 0.027780 0.016644 0.010904 0.012501 0.014762 0.031554
 0.033559 0.033778 0.006933 0.000700 0.004688 0.047245 0.016530 0.059564 0.037443 0.036888 0.012381 0.026977 0.030733 0.023582 0.018045 0.032534 0.028686 0.037010 0.037655 0.050850
 0.089578 0.068771 0.037810 0.062841 0.031318 0.054296 0.039383 0.037791 0.073716 0.081728 0.043781 0.075837 0.036810 0.078848 0.043265 0.071746 0.091150 0.060987 0.040627 0.038935
 0.013307 0.027588 0.106508 0.060787 0.045886 0.063165 0.067338 0.120410 0.062318 0.097463 0.070295 0.053500 0.077407 0.077862 0.017397 0.111034 0.047186 0.025085 0.065917 0.026281
 0.067079 0.182260 0.053976 0.169757 0.195415 0.179391 0.123101 0.103382 0.082966 0.175668 0.030591 0.176657 0.068924 0.050356 0.141176 0.135791 0.049992 0.096961 0.080260 0.147689
 0.162681 0.173987 0.159665 0.119742 0.134493 0.060551 0.189894 0.177642 0.187362 0.091182 0.156633 0.101049 0.204851 0.083495 0.165628 0.193523 0.229269 0.045502 0.227385 0.182161
 0.391976 0.369684 0.302887 0.065188 0.021079 0.202195 0.249093 0.289448 0.211433 0.302540 0.122963 0.221338 0.056439 0.227015 0.235509 0.147824 0.329711 0.245986 0.244812 0.213172
 0.332476 0.232241 0.269491 0.488884 0.309428 0.248882 0.489830 0.171473 0.256757 0.555461 0.078932 0.483314 0.401929 0.137730 0.305054 0.420618 0.211974 0.190833 0.326972 0.479746
 0.650292 0.403718 0.436940 0.360926 0.330969 0.467026 0.598258 0.630085 0.395220 0.094185 0.615448 0.317094 0.771648 0.584172 0.440327 0.312594 0.317307 0.843301 0.357424 0.209371
 0.555855 0.705429 0.612847 0.346031 0.238423 0.924831 0.870099 1.116979 0.812025 0.677362 0.251616 1.158699 0.873584 0.810071 1.011126 0.669875 1.356898 0.689036 0.802216 0.700002
 1.293283 0.630652 0.529701 1.565984 1.493730 0.881963 1.996142 1.369899 0.276857 0.569052 0.261392 1.040849 0.877617 1.445801 0.883037 1.740608 1.409627 1.101897 0.750141 0.616702
 1.493628 1.591250 1.216606 1.974342 1.135974 2.543689 0.259119 1.433911 2.197115 1.025780 2.555312 0.622330 1.687717 2.028286 2.133327 2.023873 1.467584 0.988506 0.489648 1.204720
 2.809260 1.270638 1.306701 1.976527 1.072537 2.704689 1.412609 3.007682 1.691647 3.591708 1.496993 0.669118 3.461972 1.191278 1.905635 2.012242 2.517184 3.970593 3.392257 2.846033
 4.903554 2.200432 3.856473 4.369796 2.875684 1.131282 1.995837 0.975891 2.407031 4.461717 3.656992 1.891175 3.128610 3.174840 0.590554 2.964107 3.069756 3.811502 2.653076 1.918532
 2.814238 2.394322 5.288078 5.243401 2.073808 7.033571 3.803755 8.467241 4.652336 5.612391 4.482733 7.510342 5.484796 4.621923 7.430867 3.656848 0.283874 1.798608 4.336173 3.848017
 5.746892 2.881890 8.085942 4.201332 4.428763 4.575323 6.124821 6.670676 3.317469 5.759514 2.063383 6.443087 7.090210 4.807103 7.735702 4.189018 1.655259 7.928431 8.941183 5.206175
 6.870614 12.288704 5.547948 7.469678 10.011227 7.794797 10.775653 7.042762 12.174102 11.568210 3.243563 17.127707 2.477164 4.956530 4.158556 5.356547 11.378323 14.649766 5.649749 4.876969
 6.758507 17.414921 1.814691 3.711307 15.956057 12.530160 13.189846 4.906875 12.020860 3.290188 15.354132 6.431726 2.929124 15.767214 14.499338 15.973748 15.956075 5.995969 14.701752 11.327271
 12.180957 24.216015 24.756338 28.660147 12.684202 23.639272 5.417627 35.063021 22.949743 24.410655 36.402349 32.711835 25.400842 22.133883 15.845174 26.084837 38.187224 22.825706 12.496485 17.072287
 23.169332 22.085312 19.962859 20.523984 2.914636 29.835120 44.481054 14.139327 31.821026 22.996918 19.846219 48.670815 29.095801 50.514515 17.060436 43.165659 10.955811 35.799685 31.005586 14.963356
 69.892018 71.390250 75.619226 64.068020 62.413211 58.859531 32.096550 62.972798 68.233477 38.089781 13.538817 46.710794 25.721776 79.828556 33.504014 13.635303 14.287988 10.187179 73.655554 36.198349
 67.327694 70.728687 100.039290 63.820620 72.109513 19.450296 19.889826 23.504541 99.839256 22.600358 106.854480 56.200286 13.409533 104.324973 59.457774 49.947976 46.801620 82.443074 38.300129 7.164681
 74.772002 153.320905 54.611120 61.527121 77.324364 64.226059 104.917297 122.870107 86.814652 88.659761 72.864980 50.145474 148.559521 2.763105 120.308930 160.300986 59.890698 72.591082 174.022510 130.990398
 74.463387 89.407999 195.161562 83.471856 100.702299 181.250504 65.665314 146.819711 83.972350 138.703267 9.766980 170.542006 72.066094 69.262896 216.904634 36.639039 137.001033 99.126212 152.855539 51.643960
 21.333324 24.646240 285.910043 215.880281 318.617643 188.111805 154.971502 330.312174 183.565003 261.434999 235.632874 238.404144 281.642816 160.859338 182.978611 242.304541 210.505296 40.224748 199.870722 56.535829
 398.612855 248.556744 382.037485 227.222483 209.966608 334.217907 240.839091 162.671247 171.623369 190.907618 254.376617 54.981110 400.496120 325.819237 267.494397 265.740760 439.703644 353.341948 471.292192 482.734579
 527.469368 229.421999 649.568764 658.603067 617.549549 730.589388 336.969471 136.522248 513.286140 204.509099 168.675515 596.738172 398.523939 410.827748 553.498042 377.898052 579.227558 98.097945 76.660104 32.787812
 764.848759 686.630096 592.626296 304.746507 709.982678 229.191348 709.965751 55.350668 834.546775 879.737632 162.896589 608.325890 883.359207 927.687309 392.838746 837.759678 822.769025 1070.554362 462.724712 299.503654

